2017-01-26	36.77000045776367	0.02138890160454654	0.18176349680204873
2017-01-27	37.47999954223633	0.04401108493598427	0.13512731594475458
2017-01-30	37.310001373291016	0.07863547871362542	0.08654934993729668
2017-01-31	38.18999862670898	0.0785088616570564	0.06855401899492697
2017-02-01	37.68999862670898	0.07195673464950492	0.08592881621963522
2017-02-02	37.84999847412109	0.05578800795329819	0.049453591495934424
2017-02-03	38.04999923706055	0.06433564299470063	0.043157552308553226
2017-02-06	37.54999923706055	0.016238118044178407	0.04834325893672098
2017-02-07	37.58000183105469	0.038121575663833784	0.04853571174046478
2017-02-08	37.93999862670898	0.03406922994785955	0.08381584993546976
2017-02-09	38.0099983215332	0.05261693932613709	0.06708489288262975
2017-02-10	38.2400016784668	0.042245928312176995	0.07251588304537626
2017-02-13	39.29999923706055	0.0749452341588599	0.035287709871771655
2017-02-14	38.9900016784668	0.042792252338504255	0.015061898028361664
2017-02-15	38.29999923706055	0.031233168187273064	0.004772012177905127
2017-02-16	38.34999847412109	0.04296975786476542	-0.03514135604860724
2017-02-17	38.04999923706055	0.015208103035910803	0.007729946571633173
2017-02-21	38.13999938964844	0.022245992650956836	0.009401948334913035
2017-02-22	38.02999877929688	-0.004189574578832178	-0.0002596966632000264
2017-02-23	37.70000076293945	0.00026537905531753836	-0.021254751154251572
2017-02-24	37.45000076293945	-0.010567971659367958	-0.007810446192458187
2017-03-01	36.900001525878906	-0.03022333072904626	0.0005237093082712807
2017-03-02	36.400001525878906	-0.030625771892070608	-0.03134712777991133
2017-03-03	37.02000045776367	-0.014901579191203052	-0.04111705231906382
2017-03-06	37.5	-0.011597223053119166	-0.05901805173684194
2017-03-07	37.2400016784668	-0.020257739465097346	-0.055967349389897225
2017-03-08	37.13999938964844	-0.028765748967991778	-0.0459354523689518
2017-03-09	37.79999923706055	-0.038167939672260176	-0.05296278159647583
2017-03-10	37.290000915527344	-0.04360094100427603	-0.03921577347936456
2017-03-13	37.380001068115234	-0.024020840398740417	-0.031134571442432812
2017-03-14	37.31999969482422	-0.026857857112873695	-0.035629413984364255
2017-03-15	37.400001525878906	-0.017082725997758952	-0.05906421215139546
2017-03-16	38.5	0.009438925435569567	-0.032859001490939566
2017-03-17	37.880001068115234	-0.00394419447794736	-0.03429471166430109
2017-03-20	38.33000183105469	0.01671090332535341	-0.028780802032588593
2017-03-21	38.33000183105469	0.023498025372167275	-0.049593265793207
2017-03-22	37.380001068115234	0.013008117137873088	-0.054435960905392156
2017-03-23	37.810001373291016	0.038736257920474415	-0.035303549515159016
2017-03-24	38.38999938964844	0.03700699392069984	-0.02966564817958295
2017-03-27	37.959999084472656	0.012266642252604099	-0.034604015569409285
2017-03-28	37.459999084472656	0.005907556285988713	-0.02977797820830852
2017-03-29	37.93999862670898	0.02154009828237946	-0.021639248724444338
2017-03-30	38.47999954223633	0.017989426425942368	-0.011074134081121012
2017-03-31	35.5	-0.04800216872030161	-0.02068395021283298
2017-04-03	36.88999938964844	-0.013108658760439762	-0.03077344854438946
2017-04-04	36.29999923706055	-0.02733120220001317	-0.038587843789925635
2017-04-05	36.41999816894531	-0.026203297244666746	-0.02554344147274701
2017-04-06	36.70000076293945	-0.046753226936637526	-0.04387371168502563
2017-04-07	36.20000076293945	-0.04435058758722921	-0.02824856843651391
2017-04-10	35.97999954223633	-0.06130973588721311	-0.029903034544489504
2017-04-11	36.5099983215332	-0.047482479065444005	0.0008282379427346775
2017-04-12	36.470001220703125	-0.024344564510682454	-0.011347905765049515
2017-04-13	35.869998931884766	-0.051309240173068815	-0.018020558119721253
2017-04-17	35.90999984741211	-0.0646001453937256	-0.022512545402902706
2017-04-18	36.150001525878906	-0.04768170711927444	-0.008400986971489277
2017-04-19	36.5	-0.025627312011082815	0.004185310414070331
2017-04-20	36.84999847412109	-0.02872957807174381	0.02156490554273316
2017-04-24	36.70000076293945	-0.04625776508503121	0.047592298156386326
2017-04-25	38.119998931884766	0.07380278681365526	0.06617860883967785
2017-04-26	37.970001220703125	0.02927627673959088	0.05310478734322244
2017-04-27	36.9900016784668	0.01900833211869024	0.07486470747093188
2017-04-28	37.0099983215332	0.016199895174376255	0.05744555280345143
2017-05-02	37.88999938964844	0.03242503002644814	0.06239505980717075
2017-05-03	37.66999816894531	0.040607662293499214	0.02547070904895432
2017-05-04	36.0099983215332	0.0008337626369800955	0.030824789283253162
2017-05-05	37.470001220703125	0.026294246598300264	0.03089652225889017
2017-05-08	37.52000045776367	0.028790765064863555	0.0649495972995533
2017-05-09	36.900001525878906	0.028714876628517905	0.0680407619055825
2017-05-10	37.88999938964844	0.055137832098292705	0.08757469409749041
2017-05-11	37.7599983215332	0.044536562315266925	0.10223097846608242
2017-05-12	38.70000076293945	0.06027399350519058	0.06140591779396676
2017-05-15	38.43999862670898	0.04314790280668568	0.014614368183422544
2017-05-16	38.22999954223633	0.041689339168676565	0.014965296651344051
2017-05-17	37.04999923706055	-0.028069247765094674	-0.00528264024604308
2017-05-18	35.97999954223633	-0.052409839728468355	0.0013340244842907634
2017-05-19	38.0	0.02730463032450081	0.007150436169635732
2017-05-22	37.060001373291016	0.0013510687388689213	0.020305920225340612
2017-05-23	36.59999847412109	-0.034045947118167	0.009744506715555046
2017-05-24	36.900001525878906	-0.02044058084667444	0.02888768003176989
2017-05-25	36.900001525878906	0.02471544698222039	0.07219828616088031
2017-05-26	36.900001525878906	-0.015212161095668142	0.07626444662235943
2017-05-30	37.540000915527344	0.0005330612345324504	0.06703467864585866
2017-05-31	37.7599983215332	0.023306145259944122	0.07242922894918458
2017-06-01	37.5	-0.010292937343118203	0.06248364417381547
2017-06-02	37.5	-0.006885549075486441	0.04919298087862156
2017-06-05	36.869998931884766	-0.04728686808727833	0.08350781578527688
2017-06-06	36.5	-0.05046822830428044	0.08775665386859033
2017-06-07	36.650001525878906	-0.04132874798002151	0.07740912749194506
2017-06-08	36.369998931884766	-0.018353584863116224	0.12798724679642937
2017-06-09	35.61000061035156	-0.010283461272711514	0.12923001456354477
2017-06-12	35.5	-0.06578947368421051	0.10123592985530805
2017-06-13	36.0	-0.028602302590710504	0.06384081954962917
2017-06-14	36.40999984741211	-0.005191219525413904	0.06807513301940848
2017-06-15	36.40999984741211	-0.01327917772911602	0.054841252141575536
2017-06-16	36.650001525878906	-0.006775067470516705	0.032412083926024904
2017-06-19	36.0099983215332	-0.02411932703367292	0.042516137060494286
2017-06-20	35.849998474121094	-0.04501871071364916	0.03252031756250329
2017-06-21	35.58000183105469	-0.05773296047090504	0.026127714598584317
2017-06-22	35.93000030517578	-0.041866658528645795	0.026082711348687004
2017-06-23	35.810001373291016	-0.045066630045572875	0.017338194657989137
2017-06-26	36.5	-0.010035230339125234	-0.0009664391427207653
2017-06-27	36.130001068115234	-0.01013695703793882	0.016674848590750635
2017-06-28	36.11000061035156	-0.014733994353207436	0.012707734140572358
2017-06-29	36.29999923706055	-0.0019246548496005822	-0.041195857317748774
2017-06-30	36.31999969482422	0.019938193549658756	-0.03964134645668371
2017-07-03	36.0	0.014084507042253502	-0.03653301229638661
2017-07-05	36.59999847412109	0.016666624281141296	-0.0340136426401596
2017-07-06	35.41999816894531	-0.027190378539294735	-0.03443223006452756
2017-07-07	34.93000030517578	-0.040648161176565334	-0.020398001971686064
2017-07-10	34.81999969482422	-0.04993183505770138	-0.04380626016977951
2017-07-11	35.400001525878906	-0.016939650766091052	-0.044836657630149435
2017-07-12	36.38999938964844	0.015062787685113932	-0.036029547292552366
2017-07-13	36.2599983215332	0.019111760974812597	-0.033149196077541965
2017-07-14	36.290000915527344	0.010019499228885342	-0.01510793900692542
2017-07-17	36.58000183105469	0.021502385597169438	-0.023283754782907895
2017-07-18	37.09999847412109	0.01643831435948173	-0.00894797933587177
2017-07-19	36.27999877929688	0.004151611036458558	0.00313557817139265
2017-07-20	36.9900016784668	0.02437000978235848	0.00024136429927468228
2017-07-21	37.20000076293945	0.024793430986082443	0.016940796328599683
2017-07-24	37.4900016784668	0.03221371127404793	0.02358720065054154
2017-07-25	37.209999084472656	0.03361108567979598	0.04312271980834814
2017-07-26	37.45000076293945	0.023224107220096712	0.05759559889838162
2017-07-27	38.27999877929688	0.08074536302091317	0.05715726528083387
2017-07-28	37.9900016784668	0.08760381753668622	0.054342288765988345
2017-07-31	37.79999923706055	0.0855829858803614	0.021888536276711834
2017-08-01	37.060001373291016	0.0468926490355821	0.014481943623059435
2017-08-02	37.5	0.030502902692197242	-0.017079267706568202
2017-08-03	37.54999923706055	0.03557641961503544	-0.0007453112868790468
2017-08-04	37.79999923706055	0.04160921144774954	-0.022644273486395528
2017-08-07	38.209999084472656	0.044559791466007415	0.011305060572501135
2017-08-08	37.97999954223633	0.023719706315596722	-0.015373379091083716
2017-08-09	38.09000015258789	0.049889785947949905	-0.04111563063714618
2017-08-10	37.93999862670898	0.025682533255877216	-0.04704464962719501
2017-08-11	38.060001373291016	0.02311829550305644	-0.050458629412919676
2017-08-14	38.150001525878906	0.0176046897269464	-0.043686982753008086
2017-08-15	38.18000030517578	0.02606829466727656	-0.05393206104856951
2017-08-16	38.5	0.02803736223417186	-0.05208082441007156
2017-08-17	38.13999938964844	-0.0036572464501791746	-0.03827747615608845
2017-08-18	37.79999923706055	-0.0050013801792998525	-0.03179189981384989
2017-08-21	38.33000183105469	0.01402123292834645	-0.008468247563296893
2017-08-22	38.29999923706055	0.03345919637939332	-0.00935272109587626
2017-08-23	38.79999923706055	0.034666646321614536	0.00931762163466554
2017-08-24	39.70000076293945	0.05725703247836367	0.0012431435987829698
2017-08-25	39.97999954223633	0.05767196690941789	0.008968625207413483
2017-08-28	40.18999862670898	0.05181888483846975	-0.018469067024274866
2017-08-29	40.900001525878906	0.07688262292882175	-0.006195787099232186
2017-08-30	41.36000061035156	0.08584931595337641	0.010531548588174733
2017-08-31	41.150001525878906	0.08460735412125597	0.031139228917375306
2017-09-01	40.400001525878906	0.061481872521160996	0.0353419609696255
2017-09-05	40.31999969482422	0.05688068367371635	-0.010291160789201892
2017-09-06	41.18000030517578	0.0785751696181447	-0.006027068448238193
2017-09-07	41.18000030517578	0.06961039753703324	-0.012293067510378952
2017-09-08	41.0	0.07498690760671045	-0.02960205021944473
2017-09-11	41.290000915527344	0.09232808859543762	-0.016915430155978184
2017-09-12	41.18000030517578	0.07435424831657711	-0.009796613687317324
2017-09-13	43.25	0.12924284233796124	-0.029316777768342406
2017-09-14	43.88999938964844	0.1311855735225398	-0.03567864869875814
2017-09-15	43.9900016784668	0.1080604743849809	-0.03352377137999507
2017-09-18	43.90999984741211	0.09829915833350578	-0.03728390917365931
2017-09-19	43.650001525878906	0.08609114250803995	0.016093130371413134
2017-09-20	43.54999923706055	0.06479211766055548	0.02294269373192903
2017-09-21	43.95000076293945	0.06262089251371217	0.006699763346778687
2017-09-22	43.70000076293945	0.06196838742416255	0.006874509758010738
2017-09-25	43.68999862670898	0.08143556872696167	-0.022102197910085386
2017-09-26	43.95000076293945	0.09002978907713666	0.021557151091615046
2017-09-27	42.38999938964844	0.029383173275998598	0.024254649824685837
2017-09-28	43.0	0.044196204014973484	0.025146093607460562
2017-09-29	43.119998931884766	0.05170729102157967	0.04229688789727826
2017-10-02	43.43000030517578	0.05182851397912369	0.03087047587479086
2017-10-03	44.29999923706055	0.07576490793499646	0.03247089430365602
2017-10-04	44.0	0.01734104046242768	0.04683905414253475
2017-10-05	43.7599983215332	-0.002961974707748505	0.06054333920326216
2017-10-06	45.79999923706055	0.04114565786615443	0.055498555080428114
2017-10-09	44.400001525878906	0.011159227514679015	0.050782237932803787
2017-10-10	43.900001525878906	0.005727376661184724	0.024122754427010173
2017-10-11	44.68999862670898	0.026176794709982465	0.03559237123792669
2017-10-12	44.68999862670898	0.016837266232621273	0.07468569884370568
2017-10-13	43.9900016784668	0.006636176440831587	0.08266284669818447
2017-10-16	43.93999862670898	0.005722133391122819	0.12104469441898869
2017-10-17	43.560001373291016	-0.00887370609507021	0.0898709745850994
2017-10-18	44.0	0.037980670760394464	0.08164769323737175
2017-10-19	43.20000076293945	0.004651180533475685	0.08597624301851803
2017-10-20	42.880001068115234	-0.005565813305066336	0.08730937654655446
2017-10-23	42.91999816894531	-0.011743083873975713	0.08713792564561684
2017-10-24	43.130001068115234	-0.02641079433623361	0.10884521430303384
2017-10-25	42.150001525878906	-0.042045419866388545	0.08728605285174251
2017-10-26	43.9900016784668	0.005256018413063224	0.09441324160564224
2017-10-27	44.2400016784668	-0.03406108263275753	0.11489769220111756
2017-10-30	43.77999877929688	-0.013964025344022857	0.09201855859009855
2017-10-31	43.31999969482422	-0.013211886352960112	0.05638836106151501
2017-11-01	42.70000076293945	-0.044528930967122515	0.05249528169177875
2017-11-02	42.70000076293945	-0.044528930967122515	0.020642237554505893
2017-11-03	42.45000076293945	-0.0350079758301346	0.025900848460812753
2017-11-06	41.65999984741211	-0.05188891330349221	-0.017697153367581264
2017-11-07	41.5	-0.04729112278114189	-0.0011390216405422482
2017-11-08	41.93999862670898	-0.046818213029341416	0.0011403204902578068
2017-11-09	41.9900016784668	-0.02800923757183571	-0.015514494108325172
2017-11-10	41.119998931884766	-0.04104482491580841	-0.03867901198562207
2017-11-13	40.90999984741211	-0.04683127696374256	-0.038834978215142035
2017-11-14	40.790000915527344	-0.05425458137346961	-0.07179263465065344
2017-11-15	40.790000915527344	-0.032265730987377506	-0.06251411103402227
2017-11-16	41.20000076293945	-0.06342352373432747	-0.045920671985360095
2017-11-17	41.400001525878906	-0.06419529938603552	-0.07532752882990834
2017-11-20	41.400001525878906	-0.05436266148420843	-0.05006708972800289
2017-11-21	41.16999816894531	-0.049630691159395	-0.03716219525166431
2017-11-22	40.060001373291016	-0.06182668249363987	-0.033773168249909724
2017-11-24	40.36000061035156	-0.054800939362484535	-0.006067426017161148
2017-11-27	39.65999984741211	-0.06572440201139229	-0.03490669987309758
2017-11-28	40.06999969482422	-0.03816611037953854	0.0041049101810577415
2017-11-29	39.459999084472656	-0.04915664856692392	-0.007069499871857454
2017-11-30	38.93999862670898	-0.07153076056825347	-0.03302962898724915
2017-12-01	39.91999816894531	-0.049297533383596326	-0.026882961909431402
2017-12-04	39.5099983215332	-0.03915371235827425	-0.03388232062844665
2017-12-05	39.40999984741211	-0.03666585200671635	-0.03194739535121294
2017-12-06	40.81999969482422	0.000735444437939492	-0.019575070584194165
2017-12-07	41.13999938964844	0.008580496843967111	-0.0011993101153163765
2017-12-08	41.15999984741211	-0.0009708959899662473	-0.02757010107967539
2017-12-11	40.43000030517578	-0.02342998031284571	-0.013459261283622515
2017-12-12	40.459999084472656	-0.022705372143975833	-0.024470609777114016
2017-12-13	41.5	0.00801559013193276	-0.029473644948145084
2017-12-14	41.040000915527344	0.024463292776862433	-0.06550930048784853
2017-12-15	41.470001220703125	0.02750249240746716	-0.09495819141776751
2017-12-18	41.209999084472656	0.03908217960221916	-0.07734298867132083
2017-12-19	41.560001373291016	0.03718496855040554	-0.09198272426400522
2017-12-20	41.7599983215332	0.05828685480039919	-0.08658705508706588
2017-12-21	41.45000076293945	0.06445819786210416	-0.061484112213024966
2017-12-22	41.97999954223633	0.05160324318084619	-0.053584184569200444
2017-12-26	42.59999847412109	0.07820805577973955	-0.04067223399385689
2017-12-27	41.0099983215332	0.040598794222683976	-0.0427080407821786
2017-12-28	41.20000076293945	0.009309188411469105	-0.033844640856513286
2017-12-29	41.20000076293945	0.0014584680160718566	-0.04514892160595463
2018-01-02	41.400001525878906	0.005830944590780485	-0.023546361542204575
2018-01-03	40.20000076293945	-0.005688833551823702	-0.01938720876639044
2018-01-04	40.63999938964844	0.004448846002195195	-0.002894330307154025
2018-01-05	40.7400016784668	-0.018313212567065085	0.0021692009869114237
2018-01-08	41.16999816894531	0.003167574330359857	0.026009394719880508
2018-01-09	41.060001373291016	-0.009886661088580495	0.028978263372119617
2018-01-10	40.540000915527344	-0.01625814568867001	0.012573922688992711
2018-01-11	42.16999816894531	0.014677497004278672	0.027013552861943735
2018-01-12	41.790000915527344	0.0007184529501924608	0.014583807133051963
2018-01-16	42.150001525878906	0.016887834741979635	0.055471864357638845
2018-01-17	42.41999816894531	0.010481148916314353	0.06391537477479248
2018-01-18	42.41999816894531	-0.0042253594277736894	0.05737502338790068
2018-01-19	41.08000183105469	0.0017069864029897186	0.05576681167028519
2018-01-22	41.4900016784668	0.007038857042648505	0.057963690004320334
2018-01-23	41.4900016784668	0.007038857042648505	0.08023145312052526
2018-01-24	44.0	0.06280189319548324	0.05536417405983296
2018-01-25	44.0	0.0945273424114903	0.041493700209682904
2018-01-26	43.5	0.07037403182343649	0.028543790537502556
2018-01-29	43.5	0.06774664231278127	0.004569471340597486
2018-01-30	43.4900016784668	0.05635180016285424	-0.002897125475363471
2018-01-31	43.54999923706055	0.060642907464422136	0.011167829922471784
2018-02-01	44.0	0.0853477801266509	-0.0038957839932071137
2018-02-02	44.09999847412109	0.0457671422570054	-0.021675674003377887
2018-02-05	44.79999923706055	0.07202675892775146	-0.049070622481094284
2018-02-06	46.22999954223633	0.09679710245923534	-0.07847798565837105
2018-02-07	45.61000061035156	0.07520043797978238	-0.04564806908463881
2018-02-08	44.75	0.05492696679936282	-0.067947220345149
2018-02-09	45.11000061035156	0.09810123173486263	-0.03265307468251921
2018-02-14	45.88999938964844	0.10604959106244682	-0.005002360332600042
2018-02-15	46.0	0.10870084692895743	-0.03562287699222455
2018-02-16	44.52999877929688	0.012045426802201886	-0.0265796084371962
2018-02-20	44.0099983215332	0.00022723458030005084	-0.024138711588848727
2018-02-21	43.27999877929688	-0.005057499326508452	-0.03245533991670657
2018-02-22	43.060001373291016	-0.010114910958827217	-0.018434293735339446
2018-02-23	43.45000076293945	-0.0009197726829969222	0.018159806630867692
2018-02-26	43.09000015258789	-0.010562550919201885	0.027130785402633473
2018-02-27	42.400001525878906	-0.03636360168457031	0.022488437718749754
2018-02-28	42.119998931884766	-0.044897950357033034	0.027881573254536107
2018-03-01	42.790000915527344	-0.04486603472685868	0.04743288364576492
2018-03-02	42.79999923706055	-0.07419425349641395	0.027612895350302313
2018-03-05	43.97999954223633	-0.03573779974353464	-0.004460974274663854
2018-03-06	43.900001525878906	-0.018994379309968612	0.041215829126717285
2018-03-07	44.0	-0.024606530599266874	-0.007942409718360244
2018-03-08	44.52000045776367	-0.029853975814037592	-0.028249947144936338
2018-03-09	45.400001525878906	-0.01304344508958899	-0.011588593999412922
2018-03-12	43.34999847412109	-0.026498997024998916	-0.027784427482924756
2018-03-13	42.88999938964844	-0.025448738345822064	-0.033381349904485935
2018-03-14	42.93000030517578	-0.008086841127373678	-0.011424434313953458
2018-03-15	42.63999938964844	-0.009753877618385198	0.0
2018-03-16	42.43999862670898	-0.02324515807815486	-0.0337692793034301
2018-03-19	42.20000076293945	-0.020654429948870345	-0.06287982009038295
2018-03-20	41.59000015258789	-0.01910380528634248	-0.03490324731676231
2018-03-21	41.81999969482422	-0.007122489189653081	-0.025429867129542427
2018-03-22	41.59999847412109	-0.027810292496965983	-0.02090072608337057
2018-03-23	41.58000183105469	-0.028504612797970896	-0.04369658154456735
2018-03-26	42.150001525878906	-0.04160977797646359	-0.03783910162688253
2018-03-27	43.2400016784668	-0.015034164566555708	-0.06011866898958651
2018-03-28	42.79999923706055	-0.027272744612260258	-0.06830121238080611
2018-03-29	44.20000076293945	-0.007187773843978396	-0.07859075177918173
2018-04-02	45.0	-0.00881060600077066	-0.11089392411137522
2018-04-03	44.81999969482422	0.03391006395492013	-0.09830011489202739
2018-04-04	45.45000076293945	0.05968760572910803	-0.10658387367769795
2018-04-05	45.400001525878906	0.05753555097005991	-0.11900655411355132
2018-04-06	45.5	0.06707318600585799	-0.1390244088521818
2018-04-09	45.4900016784668	0.07186623822929028	-0.12847652186747216
2018-04-10	46.25	0.0959715441668263	-0.05687200724916175
2018-04-11	46.0	0.10603510053456211	-0.07604656368716134
2018-04-12	45.220001220703125	0.08130085008823418	-0.07231609657137039
2018-04-13	44.130001068115234	0.06081737227870421	-0.05768733751182464
2018-04-16	44.04999923706055	0.05940349440199166	-0.020220599284103136
2018-04-17	44.90999984741211	0.06548038485452112	-0.03467011900868011
2018-04-18	45.0	0.0407030123315113	0.006054212478929344
2018-04-19	44.95000076293945	0.05023368140663931	0.020408117273868376
2018-04-20	43.75	-0.010181012560451563	0.026203195247417765
2018-04-23	43.97999954223633	-0.022666676839192657	0.031593342389396595
2018-04-24	43.84000015258789	-0.021865228668207615	0.02021862593764956
2018-04-25	42.45000076293945	-0.06600659955205634	0.03921023034789073
2018-04-26	43.79999923706055	-0.03524233997891668	0.04939984796574337
2018-04-27	44.130001068115234	-0.030109866634830063	0.10878187636209291
2018-04-30	44.09999847412109	-0.030556235503584994	0.07568484373692108
2018-05-02	44.34000015258789	-0.04129729399809967	0.020893865965001757
2018-05-03	42.630001068115234	-0.07326084634532104	0.030831140734616458
2018-05-04	42.54999923706055	-0.05904471277236867	0.05786230220902944
2018-05-07	41.90999984741211	-0.05030594078791262	0.050701110048043674
2018-05-08	42.400001525878906	-0.037457383422459856	0.043151882508555506
2018-05-09	42.810001373291016	-0.046760153223249334	0.05199674498264062
2018-05-10	42.77999877929688	-0.04933336046006931	0.0049711831669452256
2018-05-11	42.720001220703125	-0.04961066750581522	0.023157922845137735
2018-05-14	42.0	-0.040000000000000036	0.025534119722849136
2018-05-15	42.150001525878906	-0.04160977797646359	0.03142477574303526
2018-05-16	42.5	-0.03056569680483434	0.019014437106890547
2018-05-17	41.90999984741211	-0.012720869395102308	0.017393672583820186
2018-05-18	41.290000915527344	-0.0573058987500944	0.0079788048918219
2018-05-21	41.15999984741211	-0.06730118170898947	-0.033980532373466876
2018-05-22	41.400001525878906	-0.061224422713452076	-0.002100336853090079
2018-05-23	40.83000183105469	-0.07916099028990065	-0.02927454140122754
2018-05-24	41.84999847412109	-0.01829703435258756	-0.04681402344198393
2018-05-25	41.70000076293945	-0.01997646273471032	-0.08837684300149917
2018-05-29	40.400001525878906	-0.03602954729255248	-0.10266940693009885
2018-05-30	41.4900016784668	-0.021462259779794768	-0.07759498420213429
2018-06-01	41.5	-0.030600358123518356	-0.08050955025253781
2018-06-04	41.09999847412109	-0.03927069549120277	-0.05727677093671413
2018-06-05	40.560001373291016	-0.050561792736216526	-0.05992802898777361
2018-06-06	41.20000076293945	-0.01904760088239399	-0.05335371586010762
2018-06-07	41.52999877929688	-0.014709435922590886	-0.03976248215154066
2018-06-08	41.400001525878906	-0.025882317038143365	-0.03784490553435904
2018-06-11	41.29999923706055	-0.014555013423347196	-0.017885331325316445
2018-06-12	41.06999969482422	-0.005328196072293956	-0.0200528260061289
2018-06-13	41.209999084472656	0.001214753091494325	0.0010578444691180522
2018-06-14	41.81999969482422	0.010144882933948107	0.0005261893882364532
2018-06-15	41.68000030517578	0.020817987656189585	0.004536913888633531
2018-06-18	41.7400016784668	-0.002628358414930587	0.024829462742847364
2018-06-19	42.470001220703125	0.018465238457453514	0.018055597941080803
2018-06-20	42.59999847412109	0.05445536794925454	0.07008011519163926
2018-06-21	41.08000183105469	-0.009881895175359756	0.08077987710087298
2018-06-22	41.36000061035156	-0.0033734792686370696	0.0615129180193128
2018-06-25	41.79999923706055	0.01703164936563728	0.020712510879946633
2018-06-26	41.400001525878906	0.02071006223241989	-0.004103904632357769
2018-06-27	41.310001373291016	0.002669917677538214	-0.03891564717017737
2018-06-28	41.36000061035156	-0.004093382469109619	-0.03925784184955883
2018-06-29	42.18999862670898	0.019082054872298748	-0.026222318177214543
2018-07-02	41.29999923706055	0.0	-0.030798112511502218
2018-07-03	41.34999847412109	0.006817598767407729	-0.012654852677087658
2018-07-05	41.29999923706055	0.0021839396890888096	-0.015852007881356323
2018-07-06	40.040000915527344	-0.04256333793128109	-0.005784838629172673
2018-07-10	41.20000076293945	-0.011516303712136078	0.049415532425940656
2018-07-11	41.0	-0.017728836816232274	0.07641104438099489
2018-07-12	40.900001525878906	-0.03696726276661566	0.14597539567204132
2018-07-13	40.72999954223633	-0.04389669011422048	0.14782140609068795
2018-07-16	40.900001525878906	-0.00438170148862338	0.11108251180516082
2018-07-17	41.650001525878906	0.0070116274479639085	0.11928999036816368
2018-07-18	40.70000076293945	-0.026315753449722923	0.15395028631904628
2018-07-19	40.52999877929688	-0.021014558321651	0.174450500217878
2018-07-20	40.63999938964844	-0.016218880691583948	0.22368048071362212
2018-07-23	39.79999923706055	-0.037717634194148864	0.20459002146501248
2018-07-24	40.20000076293945	-0.0471675261565363	0.21290322097400716
2018-07-25	39.84999847412109	-0.03510897795945489	0.196739514140996
2018-07-26	38.79999923706055	-0.06166866580796748	0.13989640917025414
2018-07-27	38.95000076293945	-0.056900690497164064	0.12348989192271387
2018-07-30	37.93000030517578	-0.052697316735907274	0.09415491746341309
2018-07-31	37.58000183105469	-0.08786405011771392	0.05873416948922072
2018-08-01	38.25	-0.06707317073170727	0.03388570174483485
2018-08-02	38.22999954223633	-0.065281219658468	-0.010952359154110858
2018-08-03	37.970001220703125	-0.06776327897256984	-0.0251513286189452
2018-08-06	38.93000030517578	-0.048166287217780046	0.04175363515602282
2018-08-07	37.72999954223633	-0.09411769123722402	0.04267719148258542
2018-08-08	37.400001525878906	-0.08108106081573974	0.09988272377782548
2018-08-09	37.68000030517578	-0.07031824722326185	0.09380113032826198
2018-08-10	36.90999984741211	-0.0917814861775419	0.034687368059092005
2018-08-13	37.58000183105469	-0.05577883036587261	0.0687732114662849
2018-08-14	37.709999084472656	-0.061940339084827545	0.07585565800128768
2018-08-15	37.41999816894531	-0.060978680005567276	0.04340792412390315
2018-08-16	36.90999984741211	-0.04871132543330492	0.08373205894455715
2018-08-17	36.41999816894531	-0.06495513592907076	0.08793310488294037
2018-08-20	36.380001068115234	-0.04086473041364669	0.0993473704729515
2018-08-21	36.18999862670898	-0.036987842911627156	0.06551893109664242
2018-08-22	36.09999847412109	-0.05620919021905657	0.06937802820119932
2018-08-23	36.400001525878906	-0.047868115047598914	0.05705341549472309
2018-08-24	37.06999969482422	-0.023702962784951986	0.08122306883915464
2018-08-27	36.43999862670898	-0.063960998174864	0.029392110873059485
2018-08-28	36.209999084472656	-0.040286256989272684	0.030865602692317973
2018-08-29	36.4900016784668	-0.024331545729548543	-0.03133662812800497
2018-08-30	36.45000076293945	-0.032643299688810634	-0.03122324929169884
2018-08-31	36.59999847412109	-0.008398845152332246	0.020511696119231315
2018-09-04	36.70000076293945	-0.023416738297975193	-0.01021741784137209
2018-09-05	36.65999984741211	-0.027844053634381805	-0.057394711035455126
2018-09-06	38.18999862670898	0.020577244667069117	-0.014604998173689099
2018-09-10	38.52000045776367	0.04361963199694907	-0.023399504998811493
2018-09-11	37.790000915527344	0.037616771429445306	0.00043928087634315105
2018-09-12	37.72999954223633	0.03710825823213848	0.04133687526468233
2018-09-13	37.09000015258789	0.024868791379690558	0.10233387383437065
2018-09-14	37.5	0.038781207342225565	0.09552573567971612
2018-09-17	37.66999816894531	0.03489001620407883	0.10954227715795595
2018-09-18	36.84999847412109	-0.0059347510794247604	0.07003981664167225
2018-09-19	36.400001525878906	-0.0010976153221025076	0.05559160113069517
2018-09-20	36.61000061035156	0.011046714609016073	0.06682573239662881
2018-09-21	36.0099983215332	-0.01315438023717197	0.08032574023304417
2018-09-24	35.47999954223633	-0.02661182991494948	0.07549673380225164
2018-09-25	35.599998474121094	-0.02732240551067422	0.04171169842406908
2018-09-26	37.0	0.008174365962506869	0.07160119094298834
2018-09-27	37.84999847412109	0.032460410028970044	0.1103762901028218
2018-09-28	36.29999923706055	-0.04948938092725197	0.11722437376598416
2018-10-01	36.400001525878906	-0.05503631637308248	0.13517177475938036
2018-10-02	37.27000045776367	-0.013760265815447759	0.07618005002906458
2018-10-03	38.0	0.0071561214163657905	0.02998306905922954
2018-10-04	37.68000030517578	0.01590725667728865	-0.016083003216787017
2018-10-05	37.43000030517578	-0.0018666585286458703	-0.02042066520466468
2018-10-08	38.43000030517578	0.020175263423745093	-0.014778349808356683
2018-10-09	37.11000061035156	0.007055689199365167	-0.025397471288160944
2018-10-10	37.0	0.01648347387278326	-0.11454918524553259
2018-10-11	36.84000015258789	0.0062824238842349445	-0.13768551749392144
2018-10-15	36.380001068115234	0.01027500038401219	-0.14483602746488777
2018-10-16	36.400001525878906	0.025930157708919488	-0.08579639163472597
2018-10-17	36.400001525878906	0.022471996799083183	-0.0985477162824494
2018-10-18	36.43000030517578	-0.015405397157411294	-0.1395778078602934
2018-10-19	36.0	-0.04887710828802205	-0.13637296317371517
2018-10-22	36.29999923706055	0.0	-0.16683415551880498
2018-10-23	36.27999877929688	-0.0032967786140533084	-0.18916765768782262
2018-10-24	35.4900016784668	-0.04775955882571192	-0.19930641302587604
2018-10-25	36.18000030517578	-0.047894728811163634	-0.17712176313779282
2018-10-26	36.060001373291016	-0.0429936018780297	-0.18994413319631054
2018-10-29	35.79999923706055	-0.04354798436616203	-0.228684614166085
2018-10-30	38.88999938964844	0.011969791330204593	-0.20604165395100915
2018-10-31	39.0	0.05092965126821469	-0.16779664948355688
2018-11-01	40.33000183105469	0.09000004948796447	-0.11062251517183086
2018-11-05	40.56999969482422	0.10124862993450101	-0.055424580288848
2018-11-06	40.63999938964844	0.11709725663715886	-0.09123387465747912
2018-11-07	40.18999862670898	0.10412079510863581	-0.1322406661108777
2018-11-08	40.47999954223633	0.11208785289354206	-0.11622552700546618
2018-11-09	40.38999938964844	0.10870159350259567	-0.09409244416416263
2018-11-12	40.56999969482422	0.1269444359673395	-0.10178356378006115
2018-11-13	41.29999923706055	0.13774104972694445	-0.04680343560188327
2018-11-14	41.38999938964844	0.14084897415342712	0.006876197713729937
2018-11-16	42.52000045776367	0.1980839235508478	-0.0025477318247412173
2018-11-19	41.9900016784668	0.1605859956960769	-0.003238691332635102
2018-11-21	41.93999862670898	0.16306148168294765	0.010217054804384729
2018-11-23	41.63999938964844	0.16312849935880047	0.041891871271906966
2018-11-26	41.52000045776367	0.06762666776526816	0.03909729309646903
2018-11-27	42.34999847412109	0.08589739677233554	0.02953156526123646
2018-11-28	43.5	0.07860148834668212	0.07155867754780187
2018-11-29	43.709999084472656	0.07739707698467213	0.0449438020312094
2018-11-30	43.2599983215332	0.0644684786228642	0.10458709578459469
2018-12-03	42.459999084472656	0.05648172518859229	0.09184991195106607
2018-12-04	42.220001220703125	0.042984231673503404	0.07682283414114188
2018-12-06	42.95000076293945	0.0633820602123385	0.07415197963033826
2018-12-07	42.59000015258789	0.04979049723831719	0.04580353511435331
2018-12-10	41.470001220703125	0.004116270866417526	-0.035434010899935475
2018-12-11	42.09999847412109	0.017153880042100722	-0.042439065328458425
2018-12-12	42.400001525878906	-0.002822176166342283	0.02120045936163706
2018-12-13	42.06999969482422	0.0019051682105182266	0.0009997729868891359
2018-12-14	42.400001525878906	0.010968119080408956	-0.05613141463541682
2018-12-17	42.0	0.008645547925753672	-0.042023319427912376
2018-12-18	42.0	0.011560682489023755	-0.08055552398047894
2018-12-19	41.04999923706055	-0.0306965592420253	-0.13130558207009202
2018-12-20	40.5099983215332	-0.06873567076935161	-0.1658572554744796
2018-12-21	40.400001525878906	-0.07572632413459779	-0.20573469795891353
2018-12-26	40.84000015258789	-0.05594078277485115	-0.2396772335170495
2018-12-27	40.540000915527344	-0.04521898752577791	-0.2322274658740533
2018-12-28	41.290000915527344	-0.02202748172161928	-0.20798062373577608
2019-01-02	41.90999984741211	-0.02421422344710955	-0.19657280487743378
2019-01-03	41.400001525878906	-0.027940798836477043	-0.18455698520322394
2019-01-04	41.09000015258789	-0.009163276029168	-0.10653375251293551
2019-01-07	41.20000076293945	-0.021377618617607896	-0.13270502565495756
2019-01-08	40.29999923706055	-0.04952835408594547	-0.09879941991411278
2019-01-09	40.720001220703125	-0.03208933881421394	-0.09937577073792836
2019-01-10	40.0	-0.05660380753557426	-0.04902228077396764
2019-01-11	40.45000076293945	-0.03690474373953678	-0.04088822430956873
2019-01-14	40.09999847412109	-0.0452381315685455	-0.03927493301754059
2019-01-15	40.36000061035156	-0.01680873665123095	0.004269789542300506
2019-01-16	40.060001373291016	-0.01110829343093278	0.034934521579193634
2019-01-17	40.09000015258789	-0.0076733010292694415	0.07521058585323503
2019-01-18	40.45000076293945	-0.009549446331814537	0.13483144729657748
2019-01-22	40.0	-0.013320199884862771	0.0962962587947016
2019-01-23	40.79999923706055	-0.011867320600676634	0.11664121205570144
2019-01-24	41.4900016784668	-0.010021430934728293	0.12157226433783386
2019-01-28	41.900001525878906	0.012077294240857794	0.14032910854513525
2019-01-29	41.20000076293945	0.002677065221296626	0.09809104926359535
2019-01-30	41.5	0.0072815347452712675	0.13568279105440584
2019-01-31	41.59999847412109	0.03225804619532191	0.08937000637794523
2019-02-01	42.59000015258789	0.045923351567435766	0.06598284137098975
2019-02-04	42.79999923706055	0.06999998092651372	0.08535207829005298
2019-02-05	42.790000915527344	0.05784919922008536	0.11377760593809039
2019-02-06	40.4900016784668	0.009725766064490049	0.21498000446465726
2019-02-07	41.959999084472656	0.03964317269387574	0.271258504136914
2019-02-08	41.720001220703125	0.04143783800563905	0.2714487126013456
2019-02-11	42.0099983215332	0.047892196598591674	0.2739226816189133
2019-02-12	41.880001068115234	0.03535229365152337	0.28547857243874986
2019-02-13	42.18999862670898	0.05474996566772439	0.3679616983779481
2019-02-14	42.29999923706055	0.03676470656983444	0.32294234268102806
2019-02-15	42.369998931884766	0.02120986304694905	0.2866068688798127
2019-02-19	43.220001220703125	0.03150357152156524	0.24176425752208353
2019-02-20	43.290000915527344	0.05072815810401399	0.24979941976607
2019-02-21	42.93999862670898	0.03469876208937284	0.1867080828180976
2019-02-22	43.43999862670898	0.04423077452112256	0.18751593911723718
2019-02-25	43.27000045776367	0.015966196354532336	0.21170349097871233
2019-02-26	43.47999954223633	0.015887857880777068	0.21775239178456918
2019-02-27	43.560001373291016	0.017994868924722462	0.17769323665308034
2019-02-28	43.130001068115234	0.06520126649074531	0.09199999640969647
2019-03-01	42.47999954223633	0.012392766184689874	0.04659978202215176
2019-03-06	42.2400016784668	0.01246405662868555	0.03252206595560825
2019-03-07	42.58000183105469	0.013568282130335563	0.02240282198793908
2019-03-08	42.72999954223633	0.020296047097482672	-0.007916190271608281
2019-03-11	43.29999923706055	0.0263095673496625	-0.014817888833959514
2019-03-12	42.459999084472656	0.003782502371109553	-0.013848738504558256
2019-03-13	43.22999954223633	0.020297395138813235	0.022381704918349676
2019-03-14	43.13999938964844	-0.001851037223394747	0.06445951737263811
2019-03-15	44.97999954223633	0.03903900649036052	0.04622298028185989
2019-03-18	44.4900016784668	0.036096951591277016	0.07517979535466468
2019-03-19	44.18999862670898	0.017265193915979138	0.056211089842871376
2019-03-20	43.9900016784668	0.01663973221830517	0.05129854865466621
2019-03-21	44.38999938964844	0.020929159544450737	0.05733168257424759
2019-03-22	43.75	0.004361768152410628	0.06650882939041214
2019-03-25	42.68000030517578	-0.010433590349992472	0.051066557631478604
2019-03-26	43.59999847412109	0.02636532353940324	0.02471239627928057
2019-03-27	42.790000915527344	0.01302081475391903	0.02142704176631849
2019-03-28	43.75	0.027477644871588547	0.029001123758205294
2019-03-29	44.0	0.029721518169181005	0.04916977887671181
2019-04-01	43.959999084472656	0.015242490970928557	0.02882809899534089
2019-04-02	44.20000076293945	0.04097978605711039	0.016767957501824915
2019-04-03	43.27999877929688	0.001156586573906937	0.007848019051742927
2019-04-04	43.900001525878906	0.017617110500303568	0.01421220292995451
2019-04-05	44.5	-0.010671399446894325	0.006136208648103603
2019-04-08	45.13999938964844	0.014609972727787968	-0.008917685961658983
2019-04-09	43.09999847412109	-0.024666218295129827	-0.015843972913866966
2019-04-10	42.9900016784668	-0.022732438323354365	0.007554081979231242
2019-04-11	42.97999954223633	-0.031763907790026136	-0.013102227733963745
2019-04-12	41.58000183105469	-0.04959995814732143	0.044399612448307924
2019-04-15	41.0099983215332	-0.03912844357313783	0.07933585164878121
2019-04-16	41.13999938964844	-0.05642199932490344	0.11476092791839809
2019-04-17	40.66999816894531	-0.049544349175574265	0.09754566193602576
2019-04-18	41.29999923706055	-0.056000017438616045	0.08475986282380932
2019-04-22	41.380001068115234	-0.05954543027010828	0.05344292687715635
2019-04-23	41.38999938964844	-0.0584622326739761	0.047715705058296365
2019-04-24	41.900001525878906	-0.05203618093574869	0.06266751228020384
2019-04-25	41.720001220703125	-0.03604430689910243	0.062499985343119846
2019-04-26	41.63999938964844	-0.05148068468512934	0.05706737333078937
2019-04-29	41.5099983215332	-0.06719104895431005	0.08314698651703423
2019-04-30	41.70000076293945	-0.07620732550337272	0.08752553467778146
2019-05-02	41.310001373291016	-0.04153125671001712	0.10010316610419911
2019-05-03	41.09000015258789	-0.04419635849492409	0.13232021876187994
2019-05-06	41.060001373291016	-0.04467189831071394	0.12479576643393586
2019-05-07	40.95000076293945	-0.015151540172485212	-0.007729498084616537
2019-05-08	41.09999847412109	0.0021945904967430874	-0.011396054538069356
2019-05-09	40.79999923706055	-0.008264466641519697	-0.01734428056138526
2019-05-10	41.38999938964844	0.01770349774082125	-0.06058865037147365
2019-05-13	40.5	-0.019370441933148186	-0.1064279999371559
2019-05-14	40.720001220703125	-0.0159497300719178	-0.08917072575266771
2019-05-15	41.09999847412109	-0.007006545537661446	-0.08042631461051275
2019-05-16	40.900001525878906	-0.023866347579542757	-0.09602329459164727
2019-05-17	41.04999923706055	-0.01605949098846371	-0.10144645084528836
2019-05-20	40.84999847412109	-0.018972164435807848	-0.0703170009809746
2019-05-21	41.29999923706055	-0.005059000071404918	-0.0838963496324775
2019-05-22	41.59999847412109	-0.0023981363786267362	-0.11432872877330436
2019-05-23	40.959999084472656	-0.008472579936650737	-0.15103188278215263
2019-05-24	41.47999954223633	0.009491345539064833	-0.1508589861138332
2019-05-28	41.880001068115234	0.019970766375999593	-0.13292173116739991
2019-05-29	42.0	0.025641006532308053	-0.07497562976679306
2019-05-30	42.70000076293945	0.03892949752360253	-0.08972138784624983
2019-05-31	42.7599983215332	0.04803919414518765	-0.11937743907325937
2019-06-03	42.060001373291016	0.016187533064089488	-0.10071211819460746
2019-06-04	43.20000076293945	0.0666666855046778	-0.04996768640050164
2019-06-05	42.650001525878906	0.047396862655164185	-0.04755786645650417
2019-06-06	42.09999847412109	0.024330901146618178	-0.035405696062452474
2019-06-07	41.959999084472656	0.025916809756670878	-0.005579363305721841
2019-06-10	43.29999923706055	0.054811206865228446	0.009014770714096842
2019-06-11	43.29999923706055	0.059975541112726516	-0.04215749000326996
2019-06-12	43.619998931884766	0.056174327788906186	-0.06207749454504541
2019-06-13	43.75	0.05168273088318509	-0.01974523004893014
2019-06-14	43.869998931884766	0.07104491973768745	0.026961352943715378
2019-06-17	42.61000061035156	0.02724207040949045	-0.006533221671371159
2019-06-18	41.90999984741211	0.0007163032123156388	-0.009424099747422976
2019-06-19	42.0	0.0	0.002526293302837157
2019-06-21	42.0	-0.01639346019747623	0.0035879730922951936
2019-06-24	43.220001220703125	0.010757785716241974	0.03340515487259332
2019-06-25	42.880001068115234	0.01949595026273432	0.0848416274948185
2019-06-26	43.09000015258789	-0.002546310379835215	0.06325098338068491
2019-06-27	42.9900016784668	0.00797186730184718	0.07962215448546117
2019-06-28	42.25	0.0035629817414630782	0.04719248035414236
2019-07-01	41.59999847412109	-0.00857961435191712	0.05092793704317167
2019-07-02	42.720001220703125	-0.013394873592999956	0.042969592212012575
2019-07-03	44.0	0.016166299659892802	0.04314994748309808
2019-07-05	43.650001525878906	0.0006878173940578769	0.06312799184597995
2019-07-08	44.33000183105469	0.013257184709821512	0.03833659363136377
2019-07-10	45.900001525878906	0.04627313980896264	0.027114230437589537
2019-07-11	45.060001373291016	0.057498256931361125	0.022910518562540227
2019-07-12	44.83000183105469	0.06967315662786588	0.029175498739415717
2019-07-15	45.7400016784668	0.08904765901111422	0.029819445936438038
2019-07-16	46.16999816894531	0.09928567068917404	0.007781260522006006
2019-07-17	46.650001525878906	0.07936141157563759	-0.02398334739480823
2019-07-18	45.7400016784668	0.06669777376657304	-0.03649634978426475
2019-07-19	45.369998931884766	0.05291248018619332	-0.0008528979579088825
2019-07-22	45.27999877929688	0.05326813238942307	0.030416647593180413
2019-07-23	46.38999938964844	0.09798815123428262	0.06947627780419241
2019-07-24	45.400001525878906	0.09134623055627666	0.07597537381878539
2019-07-25	44.959999084472656	0.05243440542515665	0.0516011147661386
2019-07-26	44.70000076293945	0.015909108248624015	0.11396075098491787
2019-07-29	44.27000045776367	0.014203869649745293	0.0959523763989445
2019-07-30	44.20000076293945	-0.0029325752931542715	0.08969551887642613
2019-07-31	45.0	-0.019607875728968716	0.08191912601952045
2019-08-01	45.0099983215332	-0.0011096992950260232	0.06885109105718556
2019-08-02	45.59000015258789	0.016952895170455617	0.049712369633818865
2019-08-05	44.0099983215332	-0.03782254686160269	0.00774872035733698
2019-08-06	44.59000015258789	-0.03422131425207975	0.02587649678313997
2019-08-07	45.2400016784668	-0.03022507612630876	0.09487184858520759
2019-08-08	45.59999847412109	-0.003060848255535209	0.053246732550835896
2019-08-09	44.83000183105469	-0.011902074356245684	0.0038412356558104044
2019-08-12	44.9900016784668	-0.006404529784631463	-0.0614638287868815
2019-08-13	44.18000030517578	-0.047639558386495695	-0.08349588215844594
2019-08-14	43.20000076293945	-0.0484581649559066	-0.1290076705988623
2019-08-15	43.29999923706055	-0.036921705543036976	-0.0903801342764523
2019-08-16	43.5	-0.026845654193687785	-0.13108060329160331
2019-08-19	43.09999847412109	-0.026428777310694596	-0.12260969060402294
2019-08-20	44.72999954223633	0.011990922401550419	-0.11753451391783931
2019-08-21	45.18000030517578	0.004000006781684107	-0.12819517835261207
2019-08-22	45.09999847412109	0.001999559118952998	-0.1462941556381654
2019-08-23	44.77999877929688	-0.01776708424171891	-0.16634051377329706
2019-08-26	43.5	-0.01158823769560724	-0.12181296774813055
2019-08-27	43.0	-0.03565822263168594	-0.10699752518022221
2019-08-28	44.400001525878906	-0.01856764194126259	-0.14051523276911204
2019-08-29	44.20000076293945	-0.03070170521992799	-0.08343611561903719
2019-08-30	45.970001220703125	0.02542938530193717	-0.036989830880135854
2019-09-03	45.54999923706055	0.012447155761316164	-0.0435156553801368
2019-09-04	46.18999862670898	0.04549566110568182	-0.04767981876533889
2019-09-05	46.68999862670898	0.08078698616050795	-0.028045547686558203
2019-09-06	46.22999954223633	0.0676674447298371	-0.084008578107022
2019-09-09	44.9900016784668	0.03425291214866211	-0.07991448557135583
2019-09-10	44.650001525878906	0.03596294910981257	-0.07264952492753918
2019-09-11	44.459999084472656	-0.006036227599526933	-0.055531402241387084
2019-09-12	44.31999969482422	-0.01903498460696207	-0.03687249734636222
2019-09-13	43.2599983215332	-0.040798230927739376	0.0
2019-09-16	43.79999923706055	-0.021884760360677324	0.020657302808351652
2019-09-17	43.91999816894531	0.00965513032058185	-0.018433249392417195
2019-09-18	43.959999084472656	0.02232556010401532	-0.03917998088654262
2019-09-19	44.40999984741211	0.0002251874141800947	-0.02815625914370945
2019-09-20	44.7400016784668	0.01221721507254192	-0.04932728752263804
2019-09-23	44.40999984741211	-0.033935204086713244	-0.0573951107706423
2019-09-24	43.84999847412109	-0.03732164196297727	-0.07432439050332862
2019-09-25	43.5099983215332	-0.05802122504559004	-0.07778281686137056
2019-09-26	44.41999816894531	-0.04861855910325752	-0.08791707556849826
2019-09-27	44.79999923706055	-0.030932301954044283	-0.09683426294382025
2019-09-30	44.720001220703125	-0.006001343580587126	-0.09103580721374649
2019-10-01	44.54999923706055	-0.002239692842124552	-0.09539177554814293
2019-10-02	43.43999862670898	-0.022941981078895446	-0.12034914029131516
2019-10-03	43.75	-0.012861004033147272	-0.1056273470153336
2019-10-04	44.0	0.01710591093801428	-0.11909094723788172
2019-10-07	43.970001220703125	0.003881323895063682	-0.10855568699162776
2019-10-08	43.7599983215332	-0.00364298392719975	-0.10422532360901915
2019-10-09	44.09999847412109	0.0031846995578732606	-0.07823611221395876
2019-10-10	44.900001525878906	0.011033588834730601	-0.08925233090930729
2019-10-11	45.119998931884766	0.008493456396110544	-0.08443400241081656
2019-10-14	45.04999923706055	0.014411154961661898	-0.08852464933150339
2019-10-15	45.09999847412109	0.02850627237165604	-0.033576576755517396
2019-10-16	45.34999847412109	0.04228913407420798	-0.05283559329038545
2019-10-17	45.40999984741211	0.022287296696894554	-0.02174980902942447
2019-10-18	46.79999923706055	0.04464285790312039	0.012886598191538479
2019-10-21	45.970001220703125	0.027951698700341643	0.015329644817956956
2019-10-22	45.09999847412109	0.01234566209830601	0.006622571251814646
2019-10-23	45.0	0.03591163495875116	0.013054830547259755
2019-10-24	45.150001525878906	0.03200003487723224	-0.03713250830419701
2019-10-25	44.220001220703125	0.005000027743252922	-0.03766767666915871
2019-10-28	44.36000061035156	0.00886966974803749	-0.05314751413312924
2019-10-29	44.54999923706055	0.01805303806738512	-0.01362684643194334
2019-10-30	44.54999923706055	0.010204099285933799	-0.03806583080189385
2019-10-31	44.5	-0.00890871965000617	-0.0271934680795074
2019-11-01	44.2599983215332	-0.019060297666448456	-0.0015456304421098688
2019-11-04	45.20000076293945	0.003329667667463676	0.0
2019-11-05	44.70000076293945	-0.008869129151105382	-0.017119846029142072
2019-11-06	45.29999923706055	-0.0011025190461488865	-0.011259017932199855
2019-11-07	44.7599983215332	-0.014314061397556865	-0.01869635281032722
2019-11-08	45.0	-0.0384615227864179	0.01272264655742017
2019-11-11	45.2599983215332	-0.015444917996873198	-0.011072028757478813
2019-11-12	44.93000030517578	-0.003769360858024262	-0.016194316352107108
2019-11-13	44.86000061035156	-0.0031110975477430802	0.02061853744307318
2019-11-14	45.84000015258789	0.015282361093908126	0.04767002603168202
2019-11-18	46.79999923706055	0.05834459396508351	0.06219838451146953
2019-11-19	45.65999984741211	0.029305663191474096	0.061580334456434294
2019-11-21	45.650001525878906	0.02469140982393747	0.01115839507048677
2019-11-22	45.5	0.021324372148342485	0.018716495178692005
2019-11-25	45.400001525878906	0.02022475339053731	0.03322790604094372
2019-11-26	44.380001068115234	0.0027113138529797354	-0.008771934141158177
2019-11-27	45.650001525878906	0.009955768923535446	0.0020555456017088414
2019-11-29	46.29999923706055	0.03579414869826225	-0.011270554074993555
2019-12-02	46.0	0.015452555733527884	-0.0139751791940248
2019-12-03	46.9900016784668	0.04982134585694964	-0.024716763148845966
2019-12-04	47.5	0.05555555555555558	-0.022613008252110656
2019-12-05	46.61000061035156	0.02982771407165674	-0.006106815990551406
2019-12-06	47.0	0.046071659932434006	0.012860081951233227
2019-12-09	47.470001220703125	0.05818102039323869	0.00101012416840085
2019-12-10	47.22999954223633	0.03032284871338442	0.006135012398253981
2019-12-11	47.4900016784668	0.014743642150742753	-0.0005048071252615749
2019-12-12	46.68999862670898	0.022558011010489487	0.025667351732524768
2019-12-13	47.5	0.04052570454071791	0.04781922304662389
2019-12-16	47.33000183105469	0.04021982046274042	0.07034121817606209
2019-12-17	47.38999938964844	0.043832550592210806	0.05359873552230887
2019-12-18	47.72999954223633	0.07548441625721125	0.09578345862989401
2019-12-19	47.84999847412109	0.04819270262225528	0.10307693481445335
2019-12-20	48.84999847412109	0.05507557838185462	0.10777202103262074
2019-12-23	49.0	0.0652173913043479	0.10603677368311337
2019-12-26	49.88999938964844	0.06171520765257954	0.13041178689055344
2019-12-27	49.33000183105469	0.03852635433799345	0.1141387777004379
2019-12-30	49.040000915527344	0.05213474090013426	0.1018945059474019
2020-01-02	48.2400016784668	0.02638301443546376	0.11681052182209228
2020-01-03	48.79999923706055	0.028017652878790544	0.09384463365240525
2020-01-06	48.33000183105469	0.023290330287525363	0.07520322760600218
2020-01-07	49.400001525878906	0.04021898883777375	0.07424248875483075
2020-01-08	49.900001525878906	0.06875140273261104	0.0700700525828728
2020-01-09	49.060001373291016	0.03284213417454773	0.09779332012856345
2020-01-10	50.27999877929688	0.062328266091606466	0.09759685290272446
2020-01-13	51.79999923706055	0.09305760506879013	0.09302326226118396
2020-01-14	52.93999862670898	0.10915564916069842	0.08313539493716271
2020-01-15	52.9900016784668	0.10741908815578327	0.05020920093975256
2020-01-16	53.9900016784668	0.10522013029475707	0.042563226870029114
2020-01-17	53.0	0.08163265306122458	0.054579954209148074
2020-01-21	54.880001068115234	0.10002007896400489	0.030359627424698
2020-01-22	53.5	0.084532698442354	0.017074334929890744
2020-01-23	53.77999877929688	0.09665574582541936	0.011152405483875638
2020-01-24	54.29999923706055	0.1256218355667842	-0.024556571796237603
2020-01-27	53.59999847412109	0.0983606416414704	-0.04889296360799977
2020-01-28	53.93999862670898	0.11607690012644611	0.0023629129216020672
2020-01-29	54.540000915527344	0.10404856742677993	0.011753643376568368
2020-01-30	52.790000915527344	0.05791581766083986	-0.02011218029494677
2020-01-31	52.369998931884766	0.06746835438116716	-0.06806760222308506
2020-02-03	53.060001373291016	0.05529042683944563	-0.0705987481213084
2020-02-04	52.7599983215332	0.018532801131506904	-0.062499994715899954
2020-02-05	52.41999816894531	-0.009822449400316291	-0.07456135581037804
2020-02-06	52.58000183105469	-0.007737305801571948	0.0270031255525105
2020-02-07	51.900001525878906	-0.03871087400653772	0.03903090606329762
2020-02-10	51.97999954223633	-0.019245291655918373	0.059406014534821194
2020-02-11	52.900001525878906	-0.0360787081578009	0.19945601654810874
2020-02-12	53.0	-0.009345794392523366	0.2091650867289736
2020-02-13	54.15999984741211	0.007065843747499523	0.16590076159834033
2020-02-14	52.86000061035156	-0.026519312098372216	0.15850813508616146
2020-02-18	51.58000183105469	-0.03768650560767617	0.18137728510670637
2020-02-19	51.869998931884766	-0.03837596862301784	0.16690245489538458
2020-02-20	51.15999984741211	-0.06197288249683475	0.15055760697947784
2020-02-21	52.59000015258789	-0.003788610711704443	0.20047726504242536
2020-02-26	50.5	-0.035707446439267376	0.19166666277093802
2020-02-27	48.060001373291016	-0.09423294139824256	0.11250001146243238
2020-02-28	48.59999847412109	-0.07884761144342711	0.08747046878662212
2020-03-02	51.400001525878906	-0.019458158693158367	0.11943129915659934
2020-03-03	51.900001525878906	-0.012932679374198175	0.006896544920278469
2020-03-04	53.66999816894531	0.03410398055930375	0.02633854120770751
2020-03-05	52.18999862670898	0.00403999781304365	-0.010195482970796643
2020-03-06	51.13999938964844	-0.03327036078381718	-0.16175354978785617
2020-03-09	47.63999938964844	-0.10113208698776532	-0.23302060688041148
2020-03-10	53.5099983215332	-0.012001505312226546	-0.1655498866379369
2020-03-11	52.5	-0.006810454146704337	-0.20885313699744334
2020-03-12	48.900001525878906	-0.05195812737568062	-0.2984400769954968
2020-03-13	52.0099983215332	0.002699043619265984	-0.24646466187756455
2020-03-16	48.72999954223633	-0.04749805145471875	-0.3340064774360121
2020-03-17	53.68000030517578	0.020726376676655223	-0.3232604089097679
2020-03-18	52.9900016784668	0.04930696393003564	-0.40765117503584225
2020-03-19	56.7400016784668	0.18060757505511904	-0.44727742872912224
2020-03-20	50.52000045776367	0.03950621489556139	-0.4317391437032948
2020-03-23	46.58000183105469	-0.0937743103450579	-0.3310753755566902
2020-03-24	46.61000061035156	-0.10192679691713669	-0.2410103133995809
2020-03-25	47.09000015258789	-0.12260104790099957	-0.2364325086665201
2020-03-26	48.970001220703125	-0.06169759514724282	-0.23261803664237868
2020-03-27	48.08000183105469	-0.05983569798816113	-0.2132551612784499
2020-03-30	49.0	0.02854745230427258	-0.145303382734968
2020-03-31	50.59999847412109	-0.05438235729192853	-0.166745426259983
2020-04-01	50.09999847412109	-0.04571431477864596	-0.1556459557320483
2020-04-02	50.59999847412109	0.034764762682931716	0.01872438220989503
2020-04-03	49.90999984741211	-0.04037682257051045	-0.08310988036270528
2020-04-06	52.13999938964844	0.06997742416263564	0.12734993393679894
2020-04-07	51.79999923706055	-0.03502237439320521	0.1104582320918237
2020-04-08	51.900001525878906	-0.02056992108061828	0.3090278389461265
2020-04-09	50.86000061035156	-0.103630611458842	0.5168099825169652
2020-04-13	51.9900016784668	0.029097411072513513	0.42540165231558236
2020-04-14	51.15999984741211	0.0983254151206141	0.29620248702565344
2020-04-15	51.20000076293945	0.09847672371771021	0.11280316140085667
2020-04-16	49.400001525878906	0.04905503006595491	0.12617085199215983
2020-04-17	48.290000915527344	-0.013886058571064397	0.2125280381862309
2020-04-20	48.209999084472656	0.0027037697268557093	0.27564465648379377
2020-04-22	49.20000076293945	0.004081648223254186	0.17115053741487762
2020-04-23	49.27999877929688	-0.026086951277267456	0.16950112667649897
2020-04-24	46.38999938964844	-0.07405188018895914	0.23373488383155538
2020-04-27	47.4900016784668	-0.06146238911933699	0.23319928210946395
2020-04-28	47.0	-0.05830494602902703	0.2631578888662709
2020-04-29	46.72999954223633	-0.10375910837632607	0.19042490474029994
2020-04-30	46.400001525878906	-0.10424706159683084	0.12116407205014634
2020-05-04	48.86000061035156	-0.05857419703564959	0.11936339280989272
2020-05-05	49.79999923706055	-0.020841552508264694	0.10309278553230805
2020-05-06	49.59999847412109	-0.04597043906877962	0.14707470756289864
2020-05-07	43.470001220703125	-0.1503127179367647	0.037109387005330285
2020-05-08	48.43999862670898	-0.05390629091998511	0.1084643358666042
2020-05-11	47.27999877929688	-0.04291503403034169	0.07045002882018636
2020-05-12	46.630001068115234	-0.03437564332036169	0.0036900333293334864
2020-05-13	47.20000076293945	-0.020949975953401312	-0.036388115795768505
2020-05-14	47.47999954223633	-0.03495937386242354	0.04545456240423662
2020-05-15	46.09999847412109	-0.0645292285703496	0.02569077596733238
2020-05-18	47.66999816894531	0.027592127530454258	0.0639649122349526
2020-05-19	46.5	-0.02084652860552938	-0.024219774897318858
2020-05-20	47.09000015258789	0.0019148968635720465	-0.020833368286673593
2020-05-21	47.220001220703125	0.010485805334192522	-0.06913686567188626
2020-05-22	47.400001525878906	0.021551723429195757	0.007078792579036763
2020-05-26	48.68000030517578	-0.0036840012879092443	0.04597153060747616
2020-05-27	48.56999969482422	-0.02469878636706846	0.029439302773150988
2020-05-28	48.040000915527344	-0.03145156464889154	0.04117918232136897
2020-05-29	46.81999969482422	0.07706460501605905	0.0753295856267091
2020-06-01	47.65999984741211	-0.016102369971306985	0.06721532953567189
2020-06-02	48.18000030517578	0.019035565759637718	0.09872037649041032
2020-06-03	47.0	0.007934782830999465	0.09053305572762493
2020-06-04	47.38999938964844	0.004025394568598628	0.10536122336358833
2020-06-05	47.93000030517578	0.009477690970471686	0.11874712426390044
2020-06-08	48.83000183105469	0.059219163715724	0.15359168352723218
2020-06-09	48.79999923706055	0.023704659356403646	0.12482786595094875
2020-06-10	49.709999084472656	0.069032238375756	0.18758941549917818
2020-06-12	49.95000076293945	0.06073477598394916	0.12056743217030741
2020-06-15	48.400001525878906	0.024989417083251197	0.12572816041875745
2020-06-16	49.2599983215332	0.039240437463673894	0.08856604386758815
2020-06-17	49.52999877929688	0.017460938142819238	0.11826011084919275
2020-06-18	50.4900016784668	0.03953061551794046	0.1566045732210164
2020-06-19	50.95000076293945	0.060574516901633624	0.14966291791937314
2020-06-22	49.790000915527344	0.06343445621661226	0.13003499533768514
2020-06-23	49.2400016784668	0.033151528244087514	0.11053984176688147
2020-06-24	48.63999938964844	0.009547511032772737	0.02870210484323721
2020-06-25	49.560001373291016	0.05446811432534071	0.07290347979809919
2020-06-26	48.65999984741211	0.026798912726744728	0.06874741168516962
2020-06-29	48.18000030517578	0.005215939879161802	0.05474297740226297
2020-06-30	48.400001525878906	-0.008806067766770176	0.03154446794661925
2020-07-01	47.900001525878906	-0.01844257633713542	0.05793553908745608
2020-07-02	48.13999938964844	-0.03158317690081436	0.05868171386933052
2020-07-06	48.77000045776367	-0.02362362937242002	0.1616033671060113
2020-07-07	48.4900016784668	0.0018595072262501677	0.2307029003131127
2020-07-08	48.79999923706055	-0.00933818717309165	0.22901419714414972
2020-07-09	49.880001068115234	0.007066470774165445	0.1859805549364315
2020-07-10	48.9900016784668	-0.029708852250637352	0.15934071610013367
2020-07-13	48.36000061035156	-0.0508341533622082	0.1657544872464516
2020-07-14	47.900001525878906	-0.03795941664783198	0.1623402022765068
2020-07-15	48.70000076293945	-0.010966711964258358	0.16666665440233652
2020-07-16	49.900001525878906	0.025904649507430433	0.2046098450042042
2020-07-17	50.540000915527344	0.019774001514949013	0.17753341006678558
2020-07-20	53.38999938964844	0.09720508748599777	0.1760062769382884
2020-07-21	52.70000076293945	0.09381486984503207	0.18660859883251213
2020-07-22	51.56999969482422	0.06549582787203745	0.22319296520141685
2020-07-23	49.77000045776367	0.03903964242828817	0.1723871677881259
2020-07-24	49.400001525878906	0.026173704865094072	0.15717537455069786
2020-07-27	50.79999923706055	0.04162392372858226	0.12604428720692873
2020-07-28	51.0	0.05176321374820314	0.09565520163494656
2020-07-29	50.5	0.03483608175240316	0.1376532542976141
2020-07-30	51.29999923706055	0.028468286658738906	0.11035187877421415
2020-07-31	52.560001373291016	0.07287200597083032	0.0731211841729067
2020-08-03	51.400001525878906	0.06286188745160248	0.11066395945112362
2020-08-04	50.630001068115234	0.05699372557976634	0.07933336893717446
2020-08-05	50.04999923706055	0.027720707453221305	0.03670636966775742
2020-08-06	51.31999969482422	0.02845687626299731	0.04028193416286019
2020-08-07	50.70000076293945	0.0031658061834927143	0.01567715903534217
2020-08-10	51.90999984741211	-0.027720538661839322	0.03120806473106197
2020-08-11	50.9900016784668	-0.03244779999462899	-0.010016732446311072
2020-08-12	49.5	-0.0401396103756807	-0.037337650877163564
2020-08-13	49.47999954223633	-0.005826821636729651	-0.006907864707493494
2020-08-14	50.25	0.01720644631307966	-0.033136490946539365
2020-08-17	49.18999862670898	-0.03169292587660144	-0.046774218159337244
2020-08-18	50.0	-0.019607843137254943	-0.05564437945782508
2020-08-19	49.56999969482422	-0.018415847627243243	-0.07235222951323739
2020-08-20	49.790000915527344	-0.02943466557485519	-0.08276924720177281
2020-08-21	49.41999816894531	-0.059741307501969265	-0.05962149058389532
2020-08-24	50.0	-0.027237382963384404	-0.09420286933889754
2020-08-25	50.0	-0.012443236318870676	-0.04910438851571175
2020-08-26	49.29999923706055	-0.014985015213439756	0.009250366974481006
2020-08-27	49.27999877929688	-0.03975060264337993	-0.007421734234753896
2020-08-28	49.68999862670898	-0.019921146371436826	0.005911277284637251
2020-08-31	48.5	-0.0656906156315874	0.006833745361195298
2020-09-01	49.18000030517578	-0.03549718206923269	0.04856662909221954
2020-09-02	48.59999847412109	-0.01818184900765485	0.04688031416123062
2020-09-03	48.84999847412109	-0.012732438842839366	-0.009605859900538527
2020-09-04	48.97999954223633	-0.02527364095052087	-0.005768580938408929
2020-09-08	49.20000076293945	0.00020333678612960426	-0.0856175581934987
2020-09-09	50.5	0.010000000000000009	-0.08533695899652649
2020-09-10	48.400001525878906	-0.023602948883364117	-0.10620640374121415
2020-09-11	47.9900016784668	-0.03615182173051945	-0.07749075838064112
2020-09-14	48.0	-0.028733270367412023	-0.004696390209881884
2020-09-15	48.0	-0.040000000000000036	0.015000025431315178
2020-09-16	47.369998931884766	-0.05260002136230468	0.031828499938176824
2020-09-17	47.5	-0.03651114127619348	-0.002212379777956741
2020-09-18	47.09000015258789	-0.044439908298638975	0.0039011355979148288
2020-09-21	46.70000076293945	-0.06017303172478583	-0.009141325072431594
2020-09-22	46.68999862670898	-0.03731961594414479	-0.010342588535897868
2020-09-23	45.900001525878906	-0.06669375272353717	-0.03795433577949214
2020-09-24	45.9900016784668	-0.053703639456780694	-0.07055413883580453
2020-09-25	45.70000076293945	-0.06448306672620241	-0.02006690264630928
2020-09-28	44.59999847412109	-0.08942427744080084	0.02389081164391449
2020-09-29	44.20000076293945	-0.10162601468425825	0.11917095702451364
2020-09-30	44.11000061035156	-0.12653464137917703	0.13883746642808692
2020-10-01	44.0	-0.09090911956947512	0.14036385950468722
2020-10-02	43.709999084472656	-0.0891852978599621	0.12909088134765634
2020-10-05	43.5	-0.09375	0.07785640242677494
2020-10-06	44.130001068115234	-0.08062497774759925	0.06732345437428
2020-10-07	43.54999923706055	-0.0806417517618514	0.035568179157488666
2020-10-08	44.709999084472656	-0.05873686137952305	0.05923341621670475
2020-10-09	44.34999847412109	-0.058186486931158465	0.06703373246210487
2020-10-13	44.47999954223633	-0.047537498596036176	0.09719930209266003
2020-10-14	44.29999923706055	-0.051188679801785875	0.10385363522761959
2020-10-15	44.400001525878906	-0.032679737475701076	0.11501165644461286
2020-10-16	43.5099983215332	-0.05392483727815922	0.16221831320435953
2020-10-19	43.15999984741211	-0.055579887814513174	0.14846424580503714
2020-10-20	43.20000076293945	-0.0313900842842848	0.13166669209798187
2020-10-21	43.130001068115234	-0.02420813747409223	0.12202382810802437
2020-10-22	43.79999923706055	-0.0070279158694517285	0.09557869025297094
2020-10-23	44.41999816894531	0.009545412930575203	0.10875936998241831
2020-10-26	44.33000183105469	0.014184460296689405	0.04991946135736147
2020-10-27	43.47999954223633	-0.0004597806382453662	0.03314575948917886
2020-10-28	42.61000061035156	-0.03444369863978769	0.005538470928485584
2020-10-29	42.25	-0.029850729272901222	0.0048632170210161085
2020-10-30	42.66999816894531	-0.0456273978371835	-0.02661481537674415
2020-11-03	42.310001373291016	-0.045997681420901104	-0.05098635102507687
2020-11-04	42.20000076293945	-0.05125896588941925	-0.039039017022371
2020-11-05	43.290000915527344	-0.022799059569469593	-0.03520706075650415
2020-11-06	42.84999847412109	-0.034909977443455475	-0.016491732000747605
2020-11-09	44.77999877929688	0.029188703901538604	-0.021771535007841014
2020-11-10	45.43999862670898	0.0528266632844665	-0.0745914419736391
2020-11-11	44.79999923706055	0.037037001061669184	-0.06332846767490785
2020-11-12	44.43999862670898	0.030373232695377395	-0.0725022390125365
2020-11-13	44.63999938964844	0.019178086009580042	-0.05578638058022567
2020-11-16	45.63999938964844	0.027465134421280624	-0.048751832147042706
2020-11-17	47.0	0.060230048695258276	-0.015337424030768432
2020-11-18	46.52000045776367	0.0699172251042528	-0.0375303161049263
2020-11-19	46.400001525878906	0.08894627695937207	-0.02968179962193873
2020-11-23	44.22999954223633	0.04686389449080064	-0.0063521745446624145
2020-11-24	44.150001525878906	0.03468487041114332	0.00675887022610544
2020-11-25	43.400001525878906	0.025762233921267974	0.05948195021179692
2020-11-27	44.09000015258789	0.04478671458480776	0.08718752861022949
2020-11-30	44.75	0.03372601186406943	0.053664519081440654
2020-12-01	45.470001220703125	0.06114359019556015	0.06646342548424844
2020-12-02	44.20000076293945	-0.012952166863961168	0.055792740049426026
2020-12-03	44.0	-0.031690111580737756	0.13262688339962292
2020-12-04	43.79999923706055	-0.022321428951560196	0.0959119279948284
2020-12-07	43.63999938964844	-0.01800178356845694	0.08007634000941755
2020-12-08	44.310001373291016	-0.007392428782916682	0.07102458070098838
2020-12-09	45.29999923706055	-0.007449609052032624	0.09509113581641593
2020-12-10	45.52999877929688	-0.03127662171708756	0.22710284305479078
2020-12-11	47.04999923706055	0.011392922916629633	0.18364780794654245
2020-12-14	45.88999938964844	-0.01099142498833805	0.22674243610833011
2020-12-15	45.7400016784668	0.03413977282067404	0.17777779068052557
2020-12-16	45.91999816894531	0.0400905228061863	0.18706136656958616
2020-12-17	46.18999862670898	0.06428564522437696	0.22245694821234863
2020-12-18	45.65999984741211	0.035608974583595465	0.1549295558438113
2020-12-21	45.08000183105469	0.007374342593400751	0.19179278333896588
2020-12-22	45.38999938964844	-0.0017594420256638044	0.13807895638256773
2020-12-23	45.4900016784668	0.029185540571505575	0.12792377038805824
2020-12-28	45.900001525878906	0.04318185286088427	0.05330312003728377
2020-12-29	45.20000076293945	0.031963505713815676	0.11535152464206977
2020-12-30	46.5	0.06553622021887473	0.13298018299098513
2021-01-04	45.93999862670898	0.03678621536672955	0.12353283034851192
2021-01-05	45.54999923706055	0.005518763889856171	0.11671833231378637
2021-01-06	45.040000915527344	-0.010762088225496402	-0.01726327280305784
2021-01-07	43.900001525878906	-0.06695000557407949	0.030552644647363403
2021-01-08	45.04999923706055	-0.018304645102640182	-0.00025712431460478413
2021-01-11	44.540000915527344	-0.02623525839318852	-0.01344017772605166
2021-01-12	44.5	-0.03092330630591411	0.00282768101130082
2021-01-13	44.59999847412109	-0.03442303961595028	-0.0037037413797262886
2021-01-14	44.43999862670898	-0.026719255908457473	0.02812347086940359
2021-01-15	44.68000030517578	-0.00887314795101346	-0.014652070272032303
2021-01-19	43.790000915527344	-0.03525002193513993	0.062295891903691114
2021-01-20	43.86000061035156	-0.035832073158326816	0.0791090641051746
2021-01-21	43.81999969482422	-0.045315942525229747	0.15074019499622637
2021-01-22	44.13999938964844	-0.023451357420332997	0.09467456666578666
2021-01-26	44.83000183105469	-0.0359139391171035	0.09581933529565889
2021-01-27	45.65999984741211	-0.006094880010163561	0.04465915496437667
2021-01-28	45.709999084472656	0.0035126201996054096	0.019187031300741397
2021-01-29	45.20000076293945	0.0035523944085211756	0.005166643442770846
2021-02-01	45.93000030517578	0.0462414284450583	0.051301825645818866
2021-02-02	46.61000061035156	0.03462822196915094	0.034713353304338
2021-02-03	48.38999938964844	0.0864391197796075	0.09012320163549292
2021-02-04	48.38999938964844	0.0874157166213132	0.07177654889085794
2021-02-05	47.84999847412109	0.07286995765001647	0.06517970675518181
2021-02-08	47.52999877929688	0.0695319587775769	0.1195835987045728
2021-02-09	47.52000045776367	0.06356311846888918	0.16480797465566122
2021-02-10	47.650001525878906	0.08814799108585669	0.11137382318531275
2021-02-11	48.95000076293945	0.11605107345544763	0.12455515563330755
2021-02-12	48.400001525878906	0.10451852722389798	0.08771929824561409
2021-02-17	47.34999847412109	0.07272313386631923	0.15158638962610316
2021-02-18	46.220001220703125	0.0310060078713974	0.14786724528331208
2021-02-19	46.43999862670898	0.017082759130606417	0.2354999542236329
2021-02-22	45.459999084472656	-0.00546926285292626	0.2261580705890045
2021-02-23	45.11000061035156	-0.001991153784707045	0.24800826429509026
2021-02-24	44.38999938964844	-0.03352930340289595	0.17091715128352658
2021-02-25	44.52000045776367	-0.04484016574167826	0.17022858321068757
2021-02-26	44.0	-0.0907212119243701	0.12665225619950182
2021-03-01	43.310001373291016	-0.10498032817591096	0.17196839011112997
2021-03-02	43.47999954223633	-0.0913270443310088	0.129595154819641
2021-03-03	44.18999862670898	-0.07027141254720048	0.04389186549831092
2021-03-04	44.0099983215332	-0.07386368060644699	-0.02765955823533084
2021-03-05	44.720001220703125	-0.06149003591499336	-0.005319148936170248
2021-03-08	43.959999084472656	-0.10194078857389477	-0.0643460538728593
2021-03-09	43.7599983215332	-0.09586783177816116	0.019784906859038998
2021-03-10	43.54999923706055	-0.08025341836362276	-0.05469388377909756
2021-03-11	43.90999984741211	-0.049978392736526045	-0.013005724014835018
2021-03-12	45.0099983215332	-0.030792427809275158	-0.030149694839645358
2021-03-15	45.470001220703125	0.0002200205990299242	-0.03454543604995264
2021-03-16	45.45000076293945	0.007537134737033657	0.0008236635028613382
2021-03-17	46.47999954223633	0.04708268036325469	0.010890061942694595
2021-03-18	46.43000030517578	0.04290206261844354	-0.023784220179562165
2021-03-19	46.45000076293945	0.05568183552135131	-0.035836183167632374
2021-03-22	45.83000183105469	0.058185185358080815	-0.07040817883549899
2021-03-23	45.56999969482422	0.048068081292357734	-0.07415033018935746
2021-03-24	45.0	0.018329970546807184	-0.11661137936548982
2021-03-25	45.20000076293945	0.027039365753031674	-0.09102844153091727
2021-03-26	45.34000015258789	0.013864018670861178	-0.09903745600246494
2021-03-29	45.52000045776367	0.03548683816606424	-0.051634660194324944
2021-03-30	45.5	0.03976237991788456	-0.1252635777324641
2021-03-31	44.22999954223633	0.01561424379078069	-0.08117440298587364
2021-04-01	44.13999938964844	0.005237976384321996	-0.09893326514060163
2021-04-05	44.459999084472656	-0.012219490281505374	-0.05737533867077893
2021-04-06	44.470001220703125	-0.02199252195191681	-0.05210298453159845
2021-04-07	44.54999923706055	-0.019802013438309563	-0.0679012210014317
2021-04-08	44.68999862670898	-0.038511207684087445	-0.0522063483295111
2021-04-09	44.45000076293945	-0.04264483155766008	-0.01087665840162777
2021-04-12	44.75	-0.036598508827061504	0.0276548667898453
2021-04-13	44.45000076293945	-0.030111302923408023	0.023051575294127158
2021-04-14	44.7400016784668	-0.018213693700149247	0.009343674345198005
2021-04-15	44.75	-0.005555555555555536	0.09777252097904543
2021-04-16	44.13999938964844	-0.023451357420332997	0.11506978030686921
2021-04-19	43.66999816894531	-0.03683286232956173	0.079059874537031
2021-04-20	43.84999847412109	-0.03668721368296379	0.06348069619039087
2021-04-22	43.56999969482422	-0.04241758912474247	0.11378980889083823
2021-04-23	43.93000030517578	-0.0067827094769483676	0.10079880080836423
2021-04-26	43.65999984741211	-0.010874480037915357	0.09517173397995471
2021-04-27	42.95000076293945	-0.03396307585756475	0.0270031255525105
2021-04-28	42.93999862670898	-0.034405274387126594	0.0022075560817349515
2021-04-29	43.400001525878906	-0.025813641546035604	0.005518763889856171
2021-04-30	43.20000076293945	-0.033340745346969625	-0.01420768362576863
2021-05-03	42.97999954223633	-0.033070893036491245	-0.003518800156514179
2021-05-04	42.7599983215332	-0.044469311250654675	-0.049946171296411546
2021-05-05	43.0	-0.032620938988788595	-0.04077248440762893
2021-05-06	43.31999969482422	-0.03173897922149649	0.0085959752882947
2021-05-07	43.52999877929688	-0.02726259711068424	-0.01388298868252158
2021-05-10	43.540000915527344	-0.013593078441722972	-0.008203822768109825
2021-05-11	43.79999923706055	0.0029768965781107326	-0.02970302015746451
2021-05-12	42.650001525878906	-0.02736595188139812	-0.08584842816646954
2021-05-13	42.88999938964844	-0.01560707619781232	-0.1627705699909
2021-05-14	42.9900016784668	-0.02139764671474942	-0.15048024475293853
2021-05-17	43.18999862670898	-0.010765030287350985	-0.1844001845414367
2021-05-18	43.119998931884766	0.003958048100711542	-0.14698274721005056
2021-05-19	43.95000076293945	0.023521242862878156	-0.13215858586656393
2021-05-20	43.77999877929688	0.008755696775526234	-0.13106470924259706
2021-05-21	43.83000183105469	0.014583357800671548	-0.13458979823041994
2021-05-24	44.290000915527344	0.03047932497076178	-0.1491944809389324
2021-05-25	44.38999938964844	0.03811976454859667	-0.1332427130250773
2021-05-26	44.0	0.023255813953488413	-0.1539150100824922
2021-05-27	44.06999969482422	0.0173130195125466	-0.18378496844163206
2021-05-28	44.119998931884766	0.013553874779075104	-0.17327269476438767
2021-06-01	45.47999954223633	0.044556696966378206	-0.18959510981371164
2021-06-02	45.29999923706055	0.03424657593899694	-0.16802721323812453
2021-06-04	45.56999969482422	0.06846419846371021	-0.08290534214355205
2021-06-07	46.09999847412109	0.07484260037661339	-0.034901718290329176
2021-06-08	45.4900016784668	0.0581530565804147	-0.06733669237561812
2021-06-09	45.86000061035156	0.06181991360359618	-0.044698576953339675
2021-06-10	47.15999984741211	0.09369204581635548	-0.07023755597234294
2021-06-11	45.66999816894531	0.03913532141406084	-0.06979695161163213
2021-06-14	46.20000076293945	0.05527642876013439	-0.07074287322445016
2021-06-15	46.09000015258789	0.05156281604195456	-0.06866513935422869
2021-06-16	45.560001373291016	0.02867465413211212	-0.06225675119791885
2021-06-17	45.4900016784668	0.02478040783832225	-0.05620919021905657
2021-06-18	45.61000061035156	0.03659092296253541	-0.06901112193051517
2021-06-21	45.13999938964844	0.024279548496340952	-0.06506025179249908
2021-06-22	43.900001525878906	-0.0049863420519458135	-0.08959911797239184
2021-06-23	43.470001220703125	-0.0441952141988603	-0.06983611351301444
2021-06-24	43.70000076293945	-0.035320055211217616	-0.02153167430905767
2021-06-25	42.93000030517578	-0.05793283755383227	-0.036533304850260406
2021-06-28	43.09999847412109	-0.06507592406286289	-0.045807736814718725
2021-06-29	42.41999816894531	-0.06748743451848904	-0.055495625481397415
2021-06-30	42.0	-0.08416922282988981	-0.05141456681028511
2021-07-01	41.619998931884766	-0.11747245405963147	-0.058695649244384085
2021-07-02	41.959999084472656	-0.08123492956466505	-0.03929065160855316
2021-07-06	41.959999084472656	-0.09177492658978537	-0.08700372633082964
2021-07-07	42.5099983215332	-0.0776741553309297	-0.07565337318948773
2021-07-08	41.650001525878906	-0.0858208895863708	-0.08215770664842081
2021-07-12	42.369998931884766	-0.06858656037506627	-0.04681436836958541
2021-07-13	41.79999923706055	-0.08353434164230866	-0.019312704426500682
2021-07-14	41.720001220703125	-0.07576424933956893	-0.006300040593974154
2021-07-15	41.25	-0.06036449735239169	-0.0189928013643772
2021-07-16	41.209999084472656	-0.051989925759517	-0.02829914848424997
2021-07-19	41.25	-0.0560640897063146	-0.07576604749563542
2021-07-20	41.15999984741211	-0.04122991952437216	-0.07639086782829285
2021-07-21	41.18000030517578	-0.044547522898362724	-0.05923640296526855
2021-07-22	41.20000076293945	-0.02875995895018668	-0.044495188596296975
2021-07-23	40.970001220703125	-0.024523780459449362	-0.06108394948846185
2021-07-26	40.90999984741211	-0.01705908463944561	-0.07881061173032644
2021-07-27	40.790000915527344	-0.02788365573101914	-0.09684748469408211
2021-07-28	41.43999862670898	-0.012392766184690096	-0.05271001395465713
2021-07-29	41.04999923706055	-0.03434483985225434	-0.052083278932266164
2021-07-30	41.209999084472656	-0.010564283920442508	-0.05394818863965223
2021-08-02	41.459999084472656	-0.021477457407422906	-0.07643124592935435
2021-08-03	41.93999862670898	0.003349267756069807	-0.09817548536031151
2021-08-04	41.59999847412109	-0.0028763840621003345	-0.10230550623505097
2021-08-05	41.33000183105469	0.0019394383285984418	-0.09034907333293862
2021-08-06	41.86000061035156	0.015772908039782374	-0.0861813192979688
2021-08-09	42.130001068115234	0.021333359227035942	-0.07353829148931623
2021-08-10	41.0	-0.0038872655006136903	-0.08600536481115995
2021-08-11	41.59999847412109	0.01019908124897495	-0.08564604821363209
2021-08-12	41.560001373291016	0.008737878730220583	-0.10238806881121731
2021-08-13	42.09999847412109	0.027581089083466903	-0.07299942499908241
2021-08-16	42.5	0.038865806856962726	-0.0673769861739637
2021-08-17	43.18000030517578	0.058592776072692976	-0.08490562642668786
2021-08-18	43.209999084472656	0.042712367674232476	-0.07922032671245705
2021-08-19	43.16999816894531	0.051644311115377484	-0.09890108573948209
2021-08-20	44.18999862670898	0.07231253599709841	-0.10640332008701259
2021-08-23	43.86000061035156	0.05788715819768897	-0.11894275031384527
2021-08-24	43.540000915527344	0.03814979354337478	-0.08381498889401229
2021-08-25	43.380001068115234	0.04278852546356382	-0.09181376366058125
2021-08-26	43.13999938964844	0.043793793331839304	-0.09642050142048586
2021-08-27	43.209999084472656	0.032250321415123295	-0.08260165578950707
2021-08-30	43.369998931884766	0.029432656831997583	-0.08718283425928264
2021-08-31	43.72999954223633	0.06658535468869098	-0.0734426154464971
2021-09-01	43.220001220703125	0.03894237514431209	-0.0691905670403179
2021-09-02	42.43000030517578	0.020933563598096505	-0.06617890892299194
2021-09-03	42.09000015258789	-0.00023748983124882717	-0.05963754343303018
2021-09-08	41.08000183105469	-0.033411721622242596	0.08870972031898594
2021-09-09	42.22999954223633	-0.02200094386811713	0.12199316487534295
2021-09-10	42.220001220703125	-0.022911314157497475	0.10071699114818355
2021-09-13	42.45000076293945	-0.016678189403394383	0.12648087009121922
2021-09-14	42.790000915527344	-0.03168132506651533	0.12620324462790644
2021-09-15	41.41999816894531	-0.05563160983701343	0.08321428298950173
2021-09-16	41.5099983215332	-0.046623852809111854	0.05082365302113523
2021-09-17	42.11000061035156	-0.02927617396250215	0.06468716382054396
2021-09-20	41.84000015258789	-0.03013442873094907	0.04246961482041178
2021-09-21	42.22999954223633	-0.022679925086795172	0.032967044854945726
2021-09-22	43.5	0.0029974883863705948	0.06699932658220731
2021-09-23	43.84999847412109	0.0027440871973680725	0.06015565611543816
2021-09-24	43.130001068115234	-0.002082372745162653	0.03997192746671607
2021-09-27	43.13999938964844	0.016733421620693356	0.06908833829517969
2021-09-28	42.150001525878906	0.001425549372142898	0.0441485031925033
2021-09-29	42.40999984741211	0.03237580226571457	-0.07993833141852813
2021-09-30	42.869998931884766	0.015155088718586063	-0.11056662914671589
2021-10-01	42.84999847412109	0.01492177250599025	-0.09739457610184576
2021-10-04	42.52000045776367	0.0016489916034425622	-0.14661309650510979
2021-10-05	43.150001525878906	0.008413194733560392	-0.12472302991536532
2021-10-06	42.81999969482422	0.033800134905089374	-0.11902408900205674
2021-10-07	43.20000076293945	0.04071314164639617	-0.08739156010305038
2021-10-08	45.0	0.06862976366089191	-0.08698541720558872
2021-10-11	45.290000915527344	0.08245699690147013	-0.03765828512832203
2021-10-13	46.0	0.08927304046009055	-0.05662318644784925
2021-10-14	45.79999923706055	0.052873545679552825	-0.07581831721016441
2021-10-15	46.16999816894531	0.05290763456225478	-0.0754338581640508
2021-10-18	46.45000076293945	0.07697657344318043	-0.0785569769282839
2021-10-19	45.90999984741211	0.06420956182091042	-0.04730180062094935
2021-10-20	46.0	0.09134041126326653	-0.016442945760507977
2021-10-21	45.27999877929688	0.06767269375644447	-0.02918480199500606
2021-10-22	44.560001373291016	0.0394215648125269	-0.001033081463487906
2021-10-25	44.880001068115234	0.04737462465069053	-0.010309317542147367
2021-10-26	44.790000915527344	0.05338665177152402	0.022471871274223565
2021-10-27	44.59000015258789	0.03337192527896793	-0.013743188644094628
2021-10-28	45.0	0.050910796840553996	0.011976108173510358
2021-10-29	45.52000045776367	0.05370369569100819	-0.013523422184917866
2021-11-01	46.560001373291016	0.034666697184244866	0.01563637473366475
2021-11-03	49.63999938964844	0.09604765701450302	-0.008182192977265856
2021-11-04	49.68000030517578	0.0800000066342561	-0.011276808603981059
2021-11-05	50.310001373291016	0.09847166400345819	-0.014817486313032924
2021-11-08	50.79999923706055	0.10028159522928992	0.07292413338549952
2021-11-09	49.790000915527344	0.07190527659264845	0.09842665721064692
2021-11-10	49.36000061035156	0.07514704365946367	0.008391600276818956
2021-11-11	49.209999084472656	0.06978258879288379	0.010235453765796487
2021-11-12	49.27999877929688	0.08833922499637747	0.04353836232307673
2021-11-16	49.5	0.11086172518993664	0.07307821148426363
2021-11-17	49.2599983215332	0.09759351936668548	0.06944444628409396
2021-11-18	49.619998931884766	0.10783652417124667	0.04998233961435461
2021-11-19	53.0	0.18860730698885209	0.0891089205861737
2021-11-22	51.91999816894531	0.15377773708767362	0.08616863331421287
2021-11-23	51.0	0.12038663196677724	0.0766950615923796
2021-11-24	50.77000045776367	0.09042093986895172	0.03114926324306344
2021-11-26	50.84000015258789	0.024174068849599717	-0.01398850076714686
2021-11-29	50.31999969482422	0.01288243530026234	0.00699045371318241
2021-11-30	50.290000915527344	-0.0003975443692650904	-0.03595009295700691
2021-12-01	49.97999954223633	-0.01614172651849166	-0.14535665527027952
2021-12-02	50.2400016784668	0.009037974586562303	-0.1832111897445894
2021-12-03	50.84999847412109	0.03018634208560056	-0.19348127233644774
2021-12-06	50.09999847412109	0.018085742861337684	-0.2002701851719202
2021-12-07	49.959999084472656	0.013798707833196033	-0.18476820472646027
2021-12-08	49.08000183105469	-0.008484811493844724	-0.22165113410045967
2021-12-09	48.119998931884766	-0.02314249753334041	-0.2133116836872766
2021-12-10	49.09999847412109	-0.01047965475528334	-0.17825795195967187
2021-12-13	49.0	-0.07547169811320753	-0.18653201256615193
2021-12-14	48.900001525878906	-0.058166347256782935	-0.1760299601145292
2021-12-15	48.68999862670898	-0.04529414457433378	-0.15347553910658762
2021-12-16	49.13999938964844	-0.032105594906804424	-0.15312499875823637
2021-12-17	49.25	-0.03127458984688758	-0.12040740245549109
2021-12-20	49.04999923706055	-0.02523848301800169	-0.1406649712611978
2021-12-21	49.25	-0.020680073505551233	-0.08409440388425593
2021-12-22	49.880001068115234	-0.0020007698086629278	-0.07007869315077864
2021-12-23	49.869998931884766	-0.007364704104709796	-0.03466559402940772
2021-12-27	49.56999969482422	-0.025172051478984714	-0.017626820437560364
2021-12-28	47.97999954223633	-0.04231534923059599	-0.04138511527054867
2021-12-29	48.27000045776367	-0.03382703478139626	-0.0637693561598488
2021-12-30	48.18999862670898	-0.018133723943395852	0.0028889680621826397