2017-01-03	36.0	0.0	0.0
2017-01-04	35.900001525878906	-0.007977086254676635	0.03829056177383805
2017-01-05	34.59000015258789	-0.11863756724375207	0.10973439358386372
2017-01-06	35.40999984741211	-0.13857229814956895	0.19596822715948647
2017-01-09	35.15999984741211	-0.17255452551852102	0.2585050807125313
2017-01-10	35.849998474121094	-0.14216971889896257	0.3300823053829447
2017-01-11	35.75	-0.1247208772448829	0.3827986514514876
2017-01-12	36.95000076293945	-0.013902255233041672	0.42811428605450885
2017-01-13	36.20000076293945	0.01325082190139426	0.46113241026444385
2017-01-17	36.68999862670898	0.07346174244246129	0.4574157321212873
2017-01-18	36.11000061035156	0.07353072170461417	0.46524541456769697
2017-01-19	36.68999862670898	0.11901445637208496	0.44453949320835306
2017-01-20	36.560001373291016	0.14292341965516187	0.4515699799204995
2017-01-23	37.38999938964844	0.22623742444785222	0.46549335901562827
2017-01-24	37.13999938964844	0.2689907054170817	0.4926357197919238
2017-01-26	36.77000045776367	0.26990586026635555	0.5701103512824126
2017-01-27	37.47999954223633	0.3241851152741049	0.605965322997907
2017-01-30	37.310001373291016	0.3494560723554869	0.6064104783286091
2017-01-31	38.18999862670898	0.4354720609699072	0.6082246178877142
2017-02-01	37.68999862670898	0.45801482058553944	0.6246519091300264
2017-02-02	37.84999847412109	0.4832205053134402	0.6048767125489363
2017-02-03	38.04999923706055	0.5134162393340276	0.5737151655408468
2017-02-06	37.54999923706055	0.49133692850304556	0.5591160537869513
2017-02-07	37.58000183105469	0.47083241123610264	0.5440983209666399
2017-02-08	37.93999862670898	0.47811970008216065	0.5516589336486533
2017-02-09	38.0099983215332	0.48396447810898735	0.5441162797469374
2017-02-10	38.2400016784668	0.5013763015821553	0.5168492999874701
2017-02-13	39.29999923706055	0.5938625633753674	0.4652657524697368
2017-02-14	38.9900016784668	0.6348264952813736	0.4035947936839861
2017-02-15	38.29999923706055	0.604643324152164	0.35705948035905877
2017-02-16	38.34999847412109	0.5780935614187115	0.31613218978066016
2017-02-17	38.04999923706055	0.5267729413757749	0.32912502004180766
2017-02-21	38.13999938964844	0.4877408672878829	0.3172063336002964
2017-02-22	38.02999877929688	0.4428269045153286	0.2978716841142983
2017-02-23	37.70000076293945	0.3762668138072911	0.26855965632569934
2017-02-24	37.45000076293945	0.29988763375048677	0.2381463947527962
2017-03-01	36.900001525878906	0.19275428990911792	0.21559296491272306
2017-03-02	36.400001525878906	0.06673523943614867	0.16275945837936234
2017-03-03	37.02000045776367	0.016700453837749762	0.10714630182522455
2017-03-06	37.5	0.015599654201579938	0.05876395026989911
2017-03-07	37.2400016784668	-0.006181176338820649	0.01819345111490378
2017-03-08	37.13999938964844	-0.031152879416225687	-0.01260320061206599
2017-03-09	37.79999923706055	0.002286974996650315	-0.07049123042952132
2017-03-10	37.290000915527344	-0.012223398050004164	-0.10945775983978834
2017-03-13	37.380001068115234	-0.016273126606037636	-0.120392016136325
2017-03-14	37.31999969482422	-0.024046976459700886	-0.13476625171884038
2017-03-15	37.400001525878906	-0.02348164749784587	-0.134122016040358
2017-03-16	38.5	0.06497803720269957	-0.10895484079673423
2017-03-17	37.880001068115234	0.08408496327412252	-0.09637150185997356
2017-03-20	38.33000183105469	0.1339940407067317	-0.08740878135797203
2017-03-21	38.33000183105469	0.171569596635905	-0.11528794002766318
2017-03-22	37.380001068115234	0.12327038903384846	-0.13940651270653603
2017-03-23	37.810001373291016	0.11832635740484676	-0.15910736929325253
2017-03-24	38.38999938964844	0.15937202786186333	-0.1763190736248923
2017-03-27	37.959999084472656	0.15541209258924482	-0.198563942016321
2017-03-28	37.459999084472656	0.1106524613347517	-0.2085441929734877
2017-03-29	37.93999862670898	0.11261393923301455	-0.2008245918689937
2017-03-30	38.47999954223633	0.1559443560417222	-0.2104364682341746
2017-03-31	35.5	-0.04960521656337846	-0.22394518822240173
2017-04-03	36.88999938964844	-0.09919988519583711	-0.22878590505746743
2017-04-04	36.29999923706055	-0.1839911632744773	-0.24831878452193834
2017-04-05	36.41999816894531	-0.23875374653873394	-0.23167568800721838
2017-04-06	36.70000076293945	-0.2566016746859745	-0.22078232832861389
2017-04-07	36.20000076293945	-0.3075468984516334	-0.19457502128364723
2017-04-10	35.97999954223633	-0.36150639452410616	-0.17621234043584622
2017-04-11	36.5099983215332	-0.35738351709254346	-0.15024479031212934
2017-04-12	36.470001220703125	-0.3532712477512021	-0.14932720474200778
2017-04-13	35.869998931884766	-0.3938869315889306	-0.1588724978299183
2017-04-17	35.90999984741211	-0.41802864011956586	-0.17451200098620134
2017-04-18	36.150001525878906	-0.4130337919382967	-0.17520371570272175
2017-04-19	36.5	-0.376493405348576	-0.15061505772399286
2017-04-20	36.84999847412109	-0.3156542680011185	-0.09134346696142259
2017-04-24	36.70000076293945	-0.2763567069485049	-0.025118324478128784
2017-04-25	38.119998931884766	-0.12914244812304787	0.0446036745546472
2017-04-26	37.970001220703125	-0.02429756192246657	0.08356413062924162
2017-04-27	36.9900016784668	-0.02005383893035173	0.12430444917098527
2017-04-28	37.0099983215332	-0.014905277151392227	0.16118868753584437
2017-05-02	37.88999938964844	0.059497872435628096	0.19024411068342673
2017-05-03	37.66999816894531	0.09956294499117746	0.17374627777855878
2017-05-04	36.0099983215332	-0.0026033016034787693	0.16203141472742288
2017-05-05	37.470001220703125	0.03384905329578203	0.16097810134288792
2017-05-08	37.52000045776367	0.06601138954025743	0.18504207337957013
2017-05-09	36.900001525878906	0.04099893032742585	0.1934108392882692
2017-05-10	37.88999938964844	0.0999092385345719	0.21451551630528698
2017-05-11	37.7599983215332	0.13455501601491449	0.25971696081986195
2017-05-12	38.70000076293945	0.23515170291636167	0.25906612654415184
2017-05-15	38.43999862670898	0.2905460683630281	0.22728484131732785
2017-05-16	38.22999954223633	0.31388308220675754	0.21933890767096997
2017-05-17	37.04999923706055	0.23445897375455615	0.1978503517992536
2017-05-18	35.97999954223633	0.0842041100096722	0.1735746560000173
2017-05-19	38.0	0.12666310957519755	0.172520197399475
2017-05-22	37.060001373291016	0.08349960784974542	0.19605279272432696
2017-05-23	36.59999847412109	0.012035099067254862	0.19829573832472747
2017-05-24	36.900001525878906	-0.02016089769124818	0.1886194804771577
2017-05-25	36.900001525878906	-0.04515592765655896	0.24629620966215526
2017-05-26	36.900001525878906	-0.06422433087546153	0.3054299517083763
2017-05-30	37.540000915527344	-0.02737797945535192	0.36303691553248996
2017-05-31	37.7599983215332	0.019351894979173778	0.4032356647655675
2017-06-01	37.5	0.035002478701812834	0.43292714370452146
2017-06-02	37.5	0.046865443399589424	0.46362078290528785
2017-06-05	36.869998931884766	0.005369214371278019	0.49993488097512895
2017-06-06	36.5	-0.05671884811602723	0.4983583251357686
2017-06-07	36.650001525878906	-0.09275103918991334	0.49702785590132237
2017-06-08	36.369998931884766	-0.1422607856867728	0.5525436073628534
2017-06-09	35.61000061035156	-0.24005591431017592	0.5857535178607876
2017-06-12	35.5	-0.3227153268572991	0.5851544047994999
2017-06-13	36.0	-0.34391326743573103	0.5492985905519348
2017-06-14	36.40999984741211	-0.3238955604892553	0.5065705835351082
2017-06-15	36.40999984741211	-0.3045210543575223	0.4374068107038589
2017-06-16	36.650001525878906	-0.26672583954063356	0.4137325277513533
2017-06-19	36.0099983215332	-0.2851289799647816	0.4239736793561555
2017-06-20	35.849998474121094	-0.3090615823132623	0.42636802569576915
2017-06-21	35.58000183105469	-0.3458283211236406	0.4122170007113084
2017-06-22	35.93000030517578	-0.3427730009326595	0.3992243963066606
2017-06-23	35.810001373291016	-0.34604555089426015	0.3828999615092563
2017-06-26	36.5	-0.2896233500054066	0.3533819027018552
2017-06-27	36.130001068115234	-0.2716329552712722	0.3306155629926799
2017-06-28	36.11000061035156	-0.2560378625203015	0.3082132493724963
2017-06-29	36.29999923706055	-0.22574508900335388	0.2588301256526755
2017-06-30	36.31999969482422	-0.19784336281942672	0.215993480536671
2017-07-03	36.0	-0.19925545200239014	0.1660103370252557
2017-07-05	36.59999847412109	-0.1502279461389051	0.10142512919058433
2017-07-06	35.41999816894531	-0.20423516166000155	0.04089351564249455
2017-07-07	34.93000030517578	-0.28330918960077867	-0.013379320973076148
2017-07-10	34.81999969482422	-0.35080815830491474	-0.05933805294349881
2017-07-11	35.400001525878906	-0.3534261995894994	-0.06435606598802224
2017-07-12	36.38999938964844	-0.2724755339751255	-0.05359394997615752
2017-07-13	36.2599983215332	-0.21631796909584722	-0.05053430228138822
2017-07-14	36.290000915527344	-0.16746134559150505	-0.014854712387581515
2017-07-17	36.58000183105469	-0.10414099664328802	-0.0018880710293665004
2017-07-18	37.09999847412109	-0.011863030964676113	0.019859483030490566
2017-07-19	36.27999877929688	-0.004843369339603498	0.06100235476627702
2017-07-20	36.9900016784668	0.05734996855500896	0.08695759366427325
2017-07-21	37.20000076293945	0.1221754455123687	0.10510524040607905
2017-07-24	37.4900016784668	0.19470630025877966	0.12769841815795147
2017-07-25	37.209999084472656	0.22697720402627652	0.16109538249297728
2017-07-26	37.45000076293945	0.26881947387536087	0.18382977236413822
2017-07-27	38.27999877929688	0.364749077211556	0.18957518012799213
2017-07-28	37.9900016784668	0.41261724184222004	0.1807481245849516
2017-07-31	37.79999923706055	0.4302617089268068	0.11712870059901448
2017-08-01	37.060001373291016	0.38015128564192224	0.08509490342744641
2017-08-02	37.5	0.3716583796645452	0.02233222078674757
2017-08-03	37.54999923706055	0.3647575134971959	-0.006753353863146572
2017-08-04	37.79999923706055	0.37513709113249405	-0.03265519217663737
2017-08-07	38.209999084472656	0.41170071282113696	-0.012291530809903861
2017-08-08	37.97999954223633	0.4173081371244862	-0.028105974472346418
2017-08-09	38.09000015258789	0.42572074745145727	-0.058922247387915405
2017-08-10	37.93999862670898	0.4154943717406354	-0.09755131011111473
2017-08-11	38.060001373291016	0.41232014409636264	-0.13348510319849183
2017-08-14	38.150001525878906	0.412313907896646	-0.13977534873915332
2017-08-15	38.18000030517578	0.41000335300719115	-0.14390846138136126
2017-08-16	38.5	0.42904772750420506	-0.14391119446882428
2017-08-17	38.13999938964844	0.4103611035350241	-0.12871206251710632
2017-08-18	37.79999923706055	0.36392158707312916	-0.11533710657183249
2017-08-21	38.33000183105469	0.365669505182872	-0.11909930071383101
2017-08-22	38.29999923706055	0.3604784135236443	-0.10313982895390694
2017-08-23	38.79999923706055	0.39218934269634786	-0.09624114039390719
2017-08-24	39.70000076293945	0.4843596870733222	-0.08216112703350475
2017-08-25	39.97999954223633	0.5733892362918027	-0.06101969747922098
2017-08-28	40.18999862670898	0.6533594455657408	-0.04814800695949728
2017-08-29	40.900001525878906	0.7652068841549848	-0.04908164199260412
2017-08-30	41.36000061035156	0.8808114210229547	-0.04127654907232525
2017-08-31	41.150001525878906	0.9445949754086058	-0.01754005043463991
2017-09-01	40.400001525878906	0.9239741707203493	0.0008580145956607055
2017-09-05	40.31999969482422	0.8909067369833537	-0.03619035290414274
2017-09-06	41.18000030517578	0.9234504573942885	-0.058821459139256405
2017-09-07	41.18000030517578	0.9384240223043463	-0.08425823682153322
2017-09-08	41.0	0.925102158247725	-0.11758612702170979
2017-09-11	41.290000915527344	0.9272563017981597	-0.12201574351668043
2017-09-12	41.18000030517578	0.9096020202578075	-0.12808444324747015
2017-09-13	43.25	1.0505326639912766	-0.145339523847678
2017-09-14	43.88999938964844	1.200030610660498	-0.17395423448841996
2017-09-15	43.9900016784668	1.3114604596015482	-0.18362168601354867
2017-09-18	43.90999984741211	1.3774357170113731	-0.186311182572112
2017-09-19	43.650001525878906	1.3926878535262688	-0.10452878229994411
2017-09-20	43.54999923706055	1.3807890559210776	-0.040060780033972065
2017-09-21	43.95000076293945	1.3876401019595264	-0.0070438767230740496
2017-09-22	43.70000076293945	1.3572511482636145	0.036454142340502926
2017-09-25	43.68999862670898	1.3171769981955777	0.022654022395190765
2017-09-26	43.95000076293945	1.291510219144186	0.029931338942414953
2017-09-27	42.38999938964844	1.132238300147435	0.045662297922309136
2017-09-28	43.0	1.0432106254042708	0.05028725591467875
2017-09-29	43.119998931884766	0.9711437223751673	0.06530350589499179
2017-10-02	43.43000030517578	0.928343338414038	0.07951513084021045
2017-10-03	44.29999923706055	0.9536324869889867	0.08814796137922087
2017-10-04	44.0	0.9386467527224909	0.10188427828481394
2017-10-05	43.7599983215332	0.8970635306961512	0.11507502521395807
2017-10-06	45.79999923706055	1.0169962527894185	0.1276880093760333
2017-10-09	44.400001525878906	0.9876902062122213	0.13172735428242888
2017-10-10	43.900001525878906	0.9135878596778113	0.17567002166829582
2017-10-11	44.68999862670898	0.9081389197563539	0.22604484823693838
2017-10-12	44.68999862670898	0.8935206458035694	0.3076086173532211
2017-10-13	43.9900016784668	0.8160447983078143	0.39991529758734146
2017-10-16	43.93999862670898	0.7420558447357806	0.47725047128194475
2017-10-17	43.560001373291016	0.6453176432914631	0.5028863709631857
2017-10-18	44.0	0.5972711634552752	0.5152461550198204
2017-10-19	43.20000076293945	0.4890037980807236	0.5182604085598896
2017-10-20	42.880001068115234	0.3730792051308569	0.5298724872981602
2017-10-23	42.91999816894531	0.28119413089013534	0.5361227931061272
2017-10-24	43.130001068115234	0.22275227686449028	0.5684143744764896
2017-10-25	42.150001525878906	0.0962494103484488	0.5609116095624564
2017-10-26	43.9900016784668	0.14282125746856167	0.5641967510595194
2017-10-27	44.2400016784668	0.19762459914421981	0.5978338099808305
2017-10-30	43.77999877929688	0.20161417004869975	0.5750956052603868
2017-10-31	43.31999969482422	0.16574722119771224	0.537165716783484
2017-11-01	42.70000076293945	0.08629887387125024	0.5136915960485204
2017-11-02	42.70000076293945	0.023069554753696764	0.4810701237723798
2017-11-03	42.45000076293945	-0.04667500643245859	0.491910021059617
2017-11-06	41.65999984741211	-0.16380628829921307	0.426990707636822
2017-11-07	41.5	-0.26647259339237195	0.37126200671996656
2017-11-08	41.93999862670898	-0.30877282695134056	0.3253634367643947
2017-11-09	41.9900016784668	-0.3344064094917698	0.25578064336029627
2017-11-10	41.119998931884766	-0.42008072990473266	0.17242334386777713
2017-11-13	40.90999984741211	-0.4991693041474079	0.10794199056756426
2017-11-14	40.790000915527344	-0.5650173121044375	0.0290697843217238
2017-11-15	40.790000915527344	-0.6101686880012096	-0.041033197262454024
2017-11-16	41.20000076293945	-0.6058836677506889	-0.05121604228147447
2017-11-17	41.400001525878906	-0.579667324154677	-0.07655914453861357
2017-11-20	41.400001525878906	-0.5525215583839653	-0.08955941570742709
2017-11-21	41.16999816894531	-0.5433048124399775	-0.08875268325327923
2017-11-22	40.060001373291016	-0.6184389602860279	-0.0691604529425831
2017-11-24	40.36000061035156	-0.6463254451259743	-0.011939689246375451
2017-11-27	39.65999984741211	-0.7166488152478792	0.022258209228699144
2017-11-28	40.06999969482422	-0.7308719941509878	0.05158979034342792
2017-11-29	39.459999084472656	-0.7823475021612367	0.05443838166081605
2017-11-30	38.93999862670898	-0.8552431930773494	0.012574013995312328
2017-12-01	39.91999816894531	-0.8244322387953105	-0.03871653969873634
2017-12-04	39.5099983215332	-0.8236039035952984	-0.11555426157773852
2017-12-05	39.40999984741211	-0.8215462098090001	-0.1684550835545835
2017-12-06	40.81999969482422	-0.6980930862819079	-0.21356590168703704
2017-12-07	41.13999938964844	-0.5678880356546898	-0.2237403052543847
2017-12-08	41.15999984741211	-0.4578083949638341	-0.2299596960483825
2017-12-11	40.43000030517578	-0.4245800542595006	-0.22583005451102167
2017-12-12	40.459999084472656	-0.39131486984057773	-0.232784539088577
2017-12-13	41.5	-0.27782993870287953	-0.23438370942064424
2017-12-14	41.040000915527344	-0.2224461738810959	-0.2776380554485165
2017-12-15	41.470001220703125	-0.1422173175664625	-0.3219240812949593
2017-12-18	41.209999084472656	-0.09848015248857678	-0.33181275498918694
2017-12-19	41.560001373291016	-0.03517045136810282	-0.3589129255895358
2017-12-20	41.7599983215332	0.0307861416928219	-0.384431109052084
2017-12-21	41.45000076293945	0.05738154592175704	-0.397250995913776
2017-12-22	41.97999954223633	0.11984358523681493	-0.4067565330676395
2017-12-26	42.59999847412109	0.2168739458164879	-0.42352869440238905
2017-12-27	41.0099983215332	0.16358576662470625	-0.4294495216484684
2017-12-28	41.20000076293945	0.13512843333449354	-0.4200205638557861
2017-12-29	41.20000076293945	0.1112928766731045	-0.4046558405583127
2018-01-02	41.400001525878906	0.10730447716805713	-0.35290673166186437
2018-01-03	40.20000076293945	0.007230263108617407	-0.29517836269338815
2018-01-04	40.63999938964844	-0.03615825076867196	-0.23182793544697233
2018-01-05	40.7400016784668	-0.06176265027369965	-0.16997977951224996
2018-01-08	41.16999816894531	-0.046817515029800916	-0.12596806802915594
2018-01-09	41.060001373291016	-0.0433495037082281	-0.09922419526944282
2018-01-10	40.540000915527344	-0.08161990738092584	-0.08192654072923844
2018-01-11	42.16999816894531	0.01935457044025668	-0.06783940494574026
2018-01-12	41.790000915527344	0.06793189244413611	-0.0843485805244697
2018-01-16	42.150001525878906	0.13393489264679204	-0.028515584173760544
2018-01-17	42.41999816894531	0.2056585151282846	0.0247269512235313
2018-01-18	42.41999816894531	0.25950854966360026	0.04103130416230627
2018-01-19	41.08000183105469	0.19184709051152282	0.0533377766452503
2018-01-22	41.4900016784668	0.16935622469577538	0.07553407594790684
2018-01-23	41.4900016784668	0.14980519051311347	0.13075305912250457
2018-01-24	44.0	0.3330080333639529	0.1701325147078343
2018-01-25	44.0	0.4727480608583221	0.19027155498501358
2018-01-26	43.5	0.5369575062073864	0.19789885384467354
2018-01-29	43.5	0.581144877848871	0.17170487028634795
2018-01-30	43.4900016784668	0.6083442929117808	0.13047928040165502
2018-01-31	43.54999923706055	0.6275078074738403	0.11065329095310261
2018-02-01	44.0	0.6712683676931448	0.06434336570894672
2018-02-02	44.09999847412109	0.705881011182953	-0.0021883334463623783
2018-02-05	44.79999923706055	0.7807954678133555	-0.1260842116593892
2018-02-06	46.22999954223633	0.9446652747849527	-0.20656003703925663
2018-02-07	45.61000061035156	1.012829279700263	-0.2034393338871503
2018-02-08	44.75	0.9860878755494582	-0.2597015339093076
2018-02-09	45.11000061035156	0.9826171617208885	-0.2421895161902583
2018-02-14	45.88999938964844	1.0309221499561474	-0.16667795912812267
2018-02-15	46.0	1.0657945153541988	-0.11957722412771687
2018-02-16	44.52999877929688	0.9637053080703168	-0.06814976926621341
2018-02-20	44.0099983215332	0.8312569717377514	-0.03146845696121048
2018-02-21	43.27999877929688	0.6597803120197341	-0.02231394211300497
2018-02-22	43.060001373291016	0.5003639871231513	-0.02047133272089141
2018-02-23	43.45000076293945	0.4008740657986607	0.02308591010691785
2018-02-26	43.09000015258789	0.28963975891183935	0.08606565862124782
2018-02-27	42.400001525878906	0.14414700968854532	0.09653634503596109
2018-02-28	42.119998931884766	0.006177873771186171	0.08210124693487586
2018-03-01	42.790000915527344	-0.04854055452045003	0.025981335228340896
2018-03-02	42.79999923706055	-0.09006036238139359	-0.03304113231182271
2018-03-05	43.97999954223633	-0.02743271898341959	-0.06494721609131915
2018-03-06	43.900001525878906	0.015565538430742265	-0.07923321089187851
2018-03-07	44.0	0.057053333047726085	-0.10747159551289087
2018-03-08	44.52000045776367	0.13038935300460253	-0.1036416363742596
2018-03-09	45.400001525878906	0.25655994554974626	-0.08549980176937311
2018-03-12	43.34999847412109	0.1889547823545854	-0.08427181007214557
2018-03-13	42.88999938964844	0.09713935963856812	-0.09591060545449537
2018-03-14	42.93000030517578	0.027288154365940898	-0.08718425771402138
2018-03-15	42.63999938964844	-0.050883525697308585	-0.06619135659079944
2018-03-16	42.43999862670898	-0.1275037515574553	-0.06374740163677473
2018-03-19	42.20000076293945	-0.20522593757129215	-0.08264465405409283
2018-03-20	41.59000015258789	-0.312441648378595	-0.0853403317987933
2018-03-21	41.81999969482422	-0.3745344309879286	-0.09166486627300685
2018-03-22	41.59999847412109	-0.43646437877512767	-0.1310740753218873
2018-03-23	41.58000183105469	-0.48160621390970704	-0.21111165136201038
2018-03-26	42.150001525878906	-0.4660152975316123	-0.24867829261000907
2018-03-27	43.2400016784668	-0.36153789734197517	-0.30160168587647007
2018-03-28	42.79999923706055	-0.31066220423046076	-0.3695433565453392
2018-03-29	44.20000076293945	-0.15558098728687497	-0.41218092960513175
2018-04-02	45.0	0.0315119963209014	-0.4807752568786974
2018-04-03	44.81999969482422	0.16337670846315433	-0.5210612446203662
2018-04-04	45.45000076293945	0.31508416975231057	-0.5722133617302099
2018-04-05	45.400001525878906	0.42636404592842325	-0.6109539324029676
2018-04-06	45.5	0.5166673708290048	-0.6554834979907582
2018-04-09	45.4900016784668	0.5807323049071158	-0.6785139481325153
2018-04-10	46.25	0.6849342440945279	-0.5930988388280944
2018-04-11	46.0	0.7388254016448457	-0.53976117356655
2018-04-12	45.220001220703125	0.7104060309879898	-0.4906245953411741
2018-04-13	44.130001068115234	0.5930927679479723	-0.4565076227105642
2018-04-16	44.04999923706055	0.4880398628843565	-0.41540166386279154
2018-04-17	44.90999984741211	0.4687757852370922	-0.37846221845370565
2018-04-18	45.0	0.4555201720704716	-0.3089118075560364
2018-04-19	44.95000076293945	0.43595506395993766	-0.2596753598715935
2018-04-20	43.75	0.3199315700894516	-0.2029837943265136
2018-04-23	43.97999954223633	0.2437315703398113	-0.1893596061001972
2018-04-24	43.84000015258789	0.17008510560285828	-0.18490347218560998
2018-04-25	42.45000076293945	-0.0004365500530667532	-0.17810850459184735
2018-04-26	43.79999923706055	-0.02633897691851672	-0.1615813145691689
2018-04-27	44.130001068115234	-0.020007809427902146	-0.08536674097402042
2018-04-30	44.09999847412109	-0.01721285311509746	-0.06656193931101839
2018-05-02	44.34000015258789	0.004318518382198988	-0.030728478581576013
2018-05-03	42.630001068115234	-0.11527157072608674	-0.008286462460834088
2018-05-04	42.54999923706055	-0.21403578580130755	0.050872264321018434
2018-05-07	41.90999984741211	-0.3400300846977089	0.07550224862816535
2018-05-08	42.400001525878906	-0.39578012703574217	0.09234334228220575
2018-05-09	42.810001373291016	-0.4022420797630275	0.11764805174231441
2018-05-10	42.77999877929688	-0.40511427723535576	0.10262868068342357
2018-05-11	42.720001220703125	-0.4075340175104927	0.10843829699657448
2018-05-14	42.0	-0.4622215579244795	0.13089950750779877
2018-05-15	42.150001525878906	-0.4878345056667541	0.12187734200050926
2018-05-16	42.5	-0.4744221561826123	0.08629725893792184
2018-05-17	41.90999984741211	-0.5055729241016778	0.05624114843046257
2018-05-18	41.290000915527344	-0.5736758858512871	0.02726570675051576
2018-05-21	41.15999984741211	-0.6308657458084426	0.0006636798980430569
2018-05-22	41.400001525878906	-0.6493378298765791	-0.012208840981248414
2018-05-23	40.83000183105469	-0.7018804602307327	-0.043693363173559874
2018-05-24	41.84999847412109	-0.6536804474119506	-0.10056933433518012
2018-05-25	41.70000076293945	-0.6204331841591753	-0.16991017790899932
2018-05-29	40.400001525878906	-0.6910179377390762	-0.263782269329365
2018-05-30	41.4900016784668	-0.6514929554343922	-0.29682973908319354
2018-06-01	41.5	-0.6123040809088778	-0.3117606634479948
2018-06-04	41.09999847412109	-0.6065316760839679	-0.3151195708558028
2018-06-05	40.560001373291016	-0.6381737866026498	-0.30059882760080114
2018-06-06	41.20000076293945	-0.604637895822222	-0.2574774974351399
2018-06-07	41.52999877929688	-0.545148249081727	-0.2235507736238631
2018-06-08	41.400001525878906	-0.5026971871037844	-0.2175562439555101
2018-06-11	41.29999923706055	-0.47168645574925705	-0.18126361083320575
2018-06-12	41.06999969482422	-0.46036249631087145	-0.15874076789641478
2018-06-13	41.209999084472656	-0.43507610958450016	-0.11096660247812551
2018-06-14	41.81999969482422	-0.3616456882798502	-0.06509262477896982
2018-06-15	41.68000030517578	-0.3111614555113533	-0.043965209077246215
2018-06-18	41.7400016784668	-0.26327584786027103	-0.03010216655508202
2018-06-19	42.470001220703125	-0.16452475760925012	-0.055194054030732076
2018-06-20	42.59999847412109	-0.07491059252329535	-0.04391062479487928
2018-06-21	41.08000183105469	-0.1250996758199605	0.020871645843627107
2018-06-22	41.36000061035156	-0.14065988488831493	0.05184505823519814
2018-06-25	41.79999923706055	-0.11614836467860812	0.021674904763070657
2018-06-26	41.400001525878906	-0.127529203415655	-0.024545772285929246
2018-06-27	41.310001373291016	-0.1421719900580598	-0.08401159916787293
2018-06-28	41.36000061035156	-0.14803552204875103	-0.1328351935571277
2018-06-29	42.18999862670898	-0.08473177490127881	-0.1727643101150207
2018-07-02	41.29999923706055	-0.10516632004371473	-0.1805406360447641
2018-07-03	41.34999847412109	-0.11598927160013517	-0.16543047506240427
2018-07-05	41.29999923706055	-0.12713552011668128	-0.12857280610182187
2018-07-06	40.040000915527344	-0.23493218468794907	-0.07589426076095762
2018-07-10	41.20000076293945	-0.22417537070164428	0.03365034831513114
2018-07-11	41.0	-0.22914743917248614	0.1561864462499578
2018-07-12	40.900001525878906	-0.23840865383967014	0.3130316795109742
2018-07-13	40.72999954223633	-0.25650909532145505	0.4698416316553029
2018-07-16	40.900001525878906	-0.2542057605186514	0.5941248170799938
2018-07-17	41.650001525878906	-0.18967516190654976	0.6755532590519628
2018-07-18	40.70000076293945	-0.21273899693888154	0.7224780878689856
2018-07-19	40.52999877929688	-0.2419459889278599	0.7549977294954857
2018-07-20	40.63999938964844	-0.25329676314840555	0.8145501689736747
2018-07-23	39.79999923706055	-0.32631180625529765	0.8208143777214012
2018-07-24	40.20000076293945	-0.3478897176648843	0.8243454619831958
2018-07-25	39.84999847412109	-0.38875134402923806	0.8205097413324829
2018-07-26	38.79999923706055	-0.5000958469117975	0.7479260032940154
2018-07-27	38.95000076293945	-0.5696665368845757	0.6845293005734874
2018-07-30	37.93000030517578	-0.6990491192559674	0.6079133346425785
2018-07-31	37.58000183105469	-0.8203709738157983	0.5589075417980816
2018-08-01	38.25	-0.8526276045229864	0.5133456340826399
2018-08-02	38.22999954223633	-0.8697788177530938	0.46142858661955444
2018-08-03	37.970001220703125	-0.8940449755029363	0.42825791234238153
2018-08-06	38.93000030517578	-0.8262872521808831	0.5190414514969603
2018-08-07	37.72999954223633	-0.8595108944601364	0.5762759152586909
2018-08-08	37.400001525878906	-0.9020704457620212	0.7022998028786134
2018-08-09	37.68000030517578	-0.9027987335245768	0.7870500835671024
2018-08-10	36.90999984741211	-0.95450556263566	0.7878425408030942
2018-08-13	37.58000183105469	-0.9306916031285724	0.80580992952234
2018-08-14	37.709999084472656	-0.8910576191608612	0.8314446833354268
2018-08-15	37.41999816894531	-0.872984825904453	0.7890052329949491
2018-08-16	36.90999984741211	-0.8895603118127156	0.751150927494411
2018-08-17	36.41999816894531	-0.9314978171534278	0.7221066422200018
2018-08-20	36.380001068115234	-0.9569301291856931	0.6891277409715961
2018-08-21	36.18999862670898	-0.9811074330361436	0.6187411792267774
2018-08-22	36.09999847412109	-0.9960485529768448	0.5621278523274746
2018-08-23	36.400001525878906	-0.9724717105910017	0.4798566582420065
2018-08-24	37.06999969482422	-0.8894703794544156	0.463776811037512
2018-08-27	36.43999862670898	-0.8645609273941588	0.484582941705483
2018-08-28	36.209999084472656	-0.8535399705749782	0.4897777072661462
2018-08-29	36.4900016784668	-0.8128419773003088	0.4623401811630501
2018-08-30	36.45000076293945	-0.7748838849214792	0.42999068868988033
2018-08-31	36.59999847412109	-0.7243484237905662	0.43843497331940284
2018-09-04	36.70000076293945	-0.668523040334513	0.4105387194199892
2018-09-05	36.65999984741211	-0.6203576643316993	0.3169956169342889
2018-09-06	38.18999862670898	-0.4535004709459045	0.26721689505724555
2018-09-10	38.52000045776367	-0.2912788717025734	0.2136044292223822
2018-09-11	37.790000915527344	-0.21909634151422352	0.22141673691137242
2018-09-12	37.72999954223633	-0.16483268705352572	0.2972080101105199
2018-09-13	37.09000015258789	-0.17149407504570036	0.4234010146426783
2018-09-14	37.5	-0.14205222225402991	0.5114622802587228
2018-09-17	37.66999816894531	-0.10380530733325344	0.5646560093851498
2018-09-18	36.84999847412109	-0.1380698903034272	0.5883301935869873
2018-09-19	36.400001525878906	-0.19923910770047826	0.614931518166884
2018-09-20	36.61000061035156	-0.2281411133647282	0.6435230373497625
2018-09-21	36.0099983215332	-0.2960486666157962	0.6553994003038639
2018-09-24	35.47999954223633	-0.3881579210257513	0.6424775118844188
2018-09-25	35.599998474121094	-0.44632727483162427	0.6042910851847729
2018-09-26	37.0	-0.37513417076518607	0.5910192061337369
2018-09-27	37.84999847412109	-0.24727491840985039	0.5698970534071712
2018-09-28	36.29999923706055	-0.26792900549343557	0.5891330619901893
2018-10-01	36.400001525878906	-0.27308026999228474	0.6162367292329627
2018-10-02	37.27000045776367	-0.2046025109166152	0.582585877078202
2018-10-03	38.0	-0.090386610711235	0.5400093775072428
2018-10-04	37.68000030517578	-0.025398213149273374	0.48254917190201496
2018-10-05	37.43000030517578	0.005865040930885357	0.41767235773116695
2018-10-08	38.43000030517578	0.11006428511413446	0.3632796784783139
2018-10-09	37.11000061035156	0.08514845478609345	0.28461559065125996
2018-10-10	37.0	0.05588217487384384	0.06059533420231489
2018-10-11	36.84000015258789	0.01955239879719528	-0.14791725178225335
2018-10-15	36.380001068115234	-0.045829003999102724	-0.3263483626358763
2018-10-16	36.400001525878906	-0.09493600381562572	-0.3603174304653045
2018-10-17	36.400001525878906	-0.13232825718965557	-0.42630098051505527
2018-10-18	36.43000030517578	-0.15772310285571933	-0.5317718905762057
2018-10-19	36.0	-0.2101239538291182	-0.6055537053254163
2018-10-22	36.29999923706055	-0.2248526135575375	-0.6803906365858907
2018-10-23	36.27999877929688	-0.23542521694348295	-0.7603866113482738
2018-10-24	35.4900016784668	-0.3040453989565961	-0.8730286731833274
2018-10-25	36.18000030517578	-0.2993001194977012	-0.9158334049691668
2018-10-26	36.060001373291016	-0.3017440447500874	-0.9784201221030742
2018-10-29	35.79999923706055	-0.32096103358159667	-1.1020602590994173
2018-10-30	38.88999938964844	-0.08586366469805284	-1.142096692411883
2018-10-31	39.0	0.1080829113464219	-1.1137823278137233
2018-11-01	40.33000183105469	0.3649006550398042	-1.1128091057679903
2018-11-05	40.56999969482422	0.581097854700964	-1.034749682599795
2018-11-06	40.63999938964844	0.7494449485559258	-1.0375833801920784
2018-11-07	40.18999862670898	0.8369026398766906	-1.0080361816653252
2018-11-08	40.47999954223633	0.9190202472512468	-0.9833705853077213
2018-11-09	40.38999938964844	0.9657047394636038	-0.9675971297879968
2018-11-12	40.56999969482422	1.00563472506321	-0.9545825648717212
2018-11-13	41.29999923706055	1.0836922587448612	-0.8641059104437012
2018-11-14	41.38999938964844	1.1396781761235886	-0.7239420155490706
2018-11-16	42.52000045776367	1.2606965364708316	-0.6796660596501418
2018-11-19	41.9900016784668	1.2988654741611327	-0.6029295717584979
2018-11-21	41.93999862670898	1.3099791793433866	-0.5542849413464808
2018-11-23	41.63999938964844	1.279826397491675	-0.5497424538003557
2018-11-26	41.52000045776367	1.2320449425288231	-0.49803834209313536
2018-11-27	42.34999847412109	1.2467795994322657	-0.4183494924518598
2018-11-28	43.5	1.3358535452309184	-0.32163195649831167
2018-11-29	43.709999084472656	1.4071694861965582	-0.21546721410955527
2018-11-30	43.2599983215332	1.4111101826593995	-0.1182672544778498
2018-12-03	42.459999084472656	1.3342989922290585	-0.03837244780347859
2018-12-04	42.220001220703125	1.2397684693720592	-0.009242733891202448
2018-12-06	42.95000076293945	1.2098112600257807	-0.006257998103624374
2018-12-07	42.59000015258789	1.143835491649213	-0.05769430666116193
2018-12-10	41.470001220703125	0.9897652683930147	-0.15277749492827652
2018-12-11	42.09999847412109	0.9080317943949439	-0.17966296170093088
2018-12-12	42.400001525878906	0.8575795235179271	-0.16996163527879915
2018-12-13	42.06999969482422	0.7819534726496045	-0.15763198560717484
2018-12-14	42.400001525878906	0.7401160749007332	-0.2546655527922361
2018-12-17	42.0	0.666994162065528	-0.3437413081398937
2018-12-18	42.0	0.6021038410457535	-0.4303534844838772
2018-12-19	41.04999923706055	0.4686187270659161	-0.5443617963551439
2018-12-20	40.5099983215332	0.3156189923437367	-0.6585922091616858
2018-12-21	40.400001525878906	0.18337593451953182	-0.7848570234759684
2018-12-26	40.84000015258789	0.11277655249138263	-0.9227014865063872
2018-12-27	40.540000915527344	0.03224688039621526	-1.005825169818113
2018-12-28	41.290000915527344	0.028615406470983373	-1.0455281145296738
2019-01-02	41.90999984741211	0.07490273734691044	-1.06192754931606
2019-01-03	41.400001525878906	0.06963052093255584	-1.0870048795551313
2019-01-04	41.09000015258789	0.039976902556986715	-1.020874521040298
2019-01-07	41.20000076293945	0.025063410894119897	-0.9574290889156813
2019-01-08	40.29999923706055	-0.05870156510437852	-0.8178359157497503
2019-01-09	40.720001220703125	-0.09015599985417566	-0.6975524995075482
2019-01-10	40.0	-0.17120836377573312	-0.6180990700571307
2019-01-11	40.45000076293945	-0.19686233887835414	-0.551996324346792
2019-01-14	40.09999847412109	-0.24263857216786988	-0.5114656702333917
2019-01-15	40.36000061035156	-0.2549971193231144	-0.4619164341052837
2019-01-16	40.060001373291016	-0.2857053547308013	-0.40706255353450516
2019-01-17	40.09000015258789	-0.3041155470324526	-0.3518685320222872
2019-01-18	40.45000076293945	-0.28635578522327165	-0.27988615284754204
2019-01-22	40.0	-0.3050756248924671	-0.25380439573012126
2019-01-23	40.79999923706055	-0.2524479176895156	-0.1885973014023179
2019-01-24	41.4900016784668	-0.1532955544104695	-0.12578714856958229
2019-01-28	41.900001525878906	-0.04115858048762533	-0.07833439931455288
2019-01-29	41.20000076293945	-0.008673450036262409	-0.013938839467940056
2019-01-30	41.5	0.040808268801242775	0.0877264517737899
2019-01-31	41.59999847412109	0.0870880319935523	0.18951299000497457
2019-02-01	42.59000015258789	0.2013291423838126	0.23519178412094988
2019-02-04	42.79999923706055	0.3052920003696187	0.27149056894833734
2019-02-05	42.790000915527344	0.38246768396417963	0.3335311140273518
2019-02-06	40.4900016784668	0.25509863443411973	0.49998984553580783
2019-02-07	41.959999084472656	0.2696657119545378	0.7184404735140895
2019-02-08	41.720001220703125	0.25886042216749416	0.8953640998486421
2019-02-11	42.0099983215332	0.27057843482599964	1.036938211163779
2019-02-12	41.880001068115234	0.26630554777779736	1.18430336317342
2019-02-13	42.18999862670898	0.2846521731659948	1.3600531694060543
2019-02-14	42.29999923706055	0.304557387920795	1.473873673262844
2019-02-15	42.369998931884766	0.32226592342212257	1.5055692215787246
2019-02-19	43.220001220703125	0.4002740364024433	1.4434438623210362
2019-02-20	43.290000915527344	0.46241399759633595	1.4229929671678718
2019-02-21	42.93999862670898	0.47790906668755184	1.3572494624042761
2019-02-22	43.43999862670898	0.5244888607996288	1.318991785567345
2019-02-25	43.27000045776367	0.5414448129567546	1.2731888377578926
2019-02-26	43.47999954223633	0.56531114331748	1.2359563768757695
2019-02-27	43.560001373291016	0.5839494554128137	1.1743531306287487
2019-02-28	43.130001068115234	0.5575954082892949	1.1107112657874545
2019-03-01	42.47999954223633	0.47874131336982373	1.0693312800770585
2019-03-06	42.2400016784668	0.3923601693758627	1.0139557028709056
2019-03-07	42.58000183105469	0.34733381324087276	0.954228946205486
2019-03-08	42.72999954223633	0.32006416287904216	0.889380575435478
2019-03-11	43.29999923706055	0.3405216584746569	0.8882671159953226
2019-03-12	42.459999084472656	0.2856604629830102	0.8708902850158573
2019-03-13	43.22999954223633	0.3008471929124852	0.8756703349395067
2019-03-14	43.13999938964844	0.30213767065179553	0.8746214669704422
2019-03-15	44.97999954223633	0.44648620332463196	0.8773937677592052
2019-03-18	44.4900016784668	0.5154034725160486	0.8875157572948886
2019-03-19	44.18999862670898	0.5395930727677651	0.8809444625604499
2019-03-20	43.9900016784668	0.5364416574611326	0.8557852491638336
2019-03-21	44.38999938964844	0.5597679539680129	0.8514493240153662
2019-03-22	43.75	0.5206103380516751	0.83595588829467
2019-03-25	42.68000030517578	0.3986423118856379	0.7835783248044663
2019-03-26	43.59999847412109	0.3719305520202951	0.7064895853985256
2019-03-27	42.790000915527344	0.28214882036311195	0.6208902522056796
2019-03-28	43.75	0.28517276018663296	0.5559234982461767
2019-03-29	44.0	0.3042351317271468	0.5286028391810831
2019-04-01	43.959999084472656	0.31251201495212655	0.5251053635060714
2019-04-02	44.20000076293945	0.3345807950778621	0.4868653328417203
2019-04-03	43.27999877929688	0.27466779169402145	0.4629238600591563
2019-04-04	43.900001525878906	0.27405619570246387	0.45644076525643484
2019-04-05	44.5	0.31831700366515037	0.4441653895972202
2019-04-08	45.13999938964844	0.4004208130247946	0.4179193802630472
2019-04-09	43.09999847412109	0.29744884347219624	0.37464490513740856
2019-04-10	42.9900016784668	0.2046083953833744	0.37236828883097317
2019-04-11	42.97999954223633	0.12874054176397465	0.3507855706125369
2019-04-12	41.58000183105469	-0.043847942069305645	0.4411605649853634
2019-04-15	41.0099983215332	-0.2240375134438679	0.5428372104408936
2019-04-16	41.13999938964844	-0.35228808941824497	0.6550015760892975
2019-04-17	40.66999816894531	-0.48624760570019987	0.683563413497005
2019-04-18	41.29999923706055	-0.5354038639552172	0.6837920262839248
2019-04-22	41.380001068115234	-0.5614332209203852	0.6478595853399121
2019-04-23	41.38999938964844	-0.5746309054754093	0.6262844259003977
2019-04-24	41.900001525878906	-0.5377385402796193	0.6002493949365402
2019-04-25	41.720001220703125	-0.517065189723958	0.5849769112443504
2019-04-26	41.63999938964844	-0.5013575518545181	0.5743221249788846
2019-04-29	41.5099983215332	-0.4937079771699402	0.6084891872819895
2019-04-30	41.70000076293945	-0.4669315290038014	0.6243353603490256
2019-05-02	41.310001373291016	-0.47174273569455494	0.6344218025097845
2019-05-03	41.09000015258789	-0.4876861689619787	0.7380004635323907
2019-05-06	41.060001373291016	-0.4970128507084297	0.7784338273529414
2019-05-07	40.95000076293945	-0.5074310933502701	0.6528652309181702
2019-05-08	41.09999847412109	-0.4978452142620071	0.574965475185742
2019-05-09	40.79999923706055	-0.508593023468201	0.5329076311057364
2019-05-10	41.38999938964844	-0.4641522005775158	0.3526868417665767
2019-05-13	40.5	-0.4950415105857999	0.098978917193417
2019-05-14	40.720001220703125	-0.4960510833215537	-0.09095155268234123
2019-05-15	41.09999847412109	-0.4608758841003038	-0.20800872247269098
2019-05-16	40.900001525878906	-0.44401899301350767	-0.331252935708914
2019-05-17	41.04999923706055	-0.4137863521758831	-0.4244356234541904
2019-05-20	40.84999847412109	-0.40133877303985344	-0.42081028817580446
2019-05-21	41.29999923706055	-0.35111523823394464	-0.3964221510668082
2019-05-22	41.59999847412109	-0.283833438626381	-0.4410022487281715
2019-05-23	40.959999084472656	-0.2789392912291433	-0.5446931219465725
2019-05-24	41.47999954223633	-0.23044453192276393	-0.5319757628756854
2019-05-28	41.880001068115234	-0.15791496023742013	-0.5039838366225737
2019-05-29	42.0	-0.0897176321827402	-0.4862809446963752
2019-05-30	42.70000076293945	0.02057626270634927	-0.4716557765707243
2019-05-31	42.7599983215332	0.11154050112315872	-0.49391061774015554
2019-06-03	42.060001373291016	0.12569744986774367	-0.5934674540130516
2019-06-04	43.20000076293945	0.22629674905704888	-0.6682944121191028
2019-06-05	42.650001525878906	0.25866040046199856	-0.7053435779111048
2019-06-06	42.09999847412109	0.23719395341154836	-0.6740818316292874
2019-06-07	41.959999084472656	0.20650440451504437	-0.6191721356704356
2019-06-10	43.29999923706055	0.2870011586684882	-0.5423720522043389
2019-06-11	43.29999923706055	0.3467977477212614	-0.5023449487905935
2019-06-12	43.619998931884766	0.4152218572759807	-0.487994984384887
2019-06-13	43.75	0.4744690726767544	-0.4556354071649764
2019-06-14	43.869998931884766	0.5250533405892313	-0.4131241020688421
2019-06-17	42.61000061035156	0.458188689052605	-0.34838598333679727
2019-06-18	41.90999984741211	0.34473981357941597	-0.2873132641105087
2019-06-19	42.0	0.25910620749114344	-0.22342652174238609
2019-06-21	42.0	0.189061573575934	-0.17361864564362506
2019-06-24	43.220001220703125	0.22935078599388703	-0.11666234401388564
2019-06-25	42.880001068115234	0.23118020479302714	-0.07070897556877753
2019-06-26	43.09000015258789	0.24673104159025883	-0.07578013538122264
2019-06-27	42.9900016784668	0.2481259096172863	-0.035015091988636726
2019-06-28	42.25	0.18735963631783648	-0.005469645910640253
2019-07-01	41.59999847412109	0.08576360661062665	0.048453096721218
2019-07-02	42.720001220703125	0.09453316304473702	0.10331040175221773
2019-07-03	44.0	0.20243476186956144	0.11798992598029301
2019-07-05	43.650001525878906	0.2567459964962211	0.140909883776132
2019-07-08	44.33000183105469	0.3506166918844471	0.12814451416770467
2019-07-10	45.900001525878906	0.5454086175804704	0.10830678800928695
2019-07-11	45.060001373291016	0.6247993321776946	0.1110743710660742
2019-07-12	44.83000183105469	0.6615322723569221	0.1303244424021699
2019-07-15	45.7400016784668	0.7553653925489314	0.15828022699686528
2019-07-16	46.16999816894531	0.8545749316258764	0.13370666974161338
2019-07-17	46.650001525878906	0.9608553234030737	0.06825783791668982
2019-07-18	45.7400016784668	0.9605809379830603	-0.0077291670440367
2019-07-19	45.369998931884766	0.9199032837188668	-0.040850283375245766
2019-07-22	45.27999877929688	0.8703705990180453	0.03736929719487847
2019-07-23	46.38999938964844	0.9101912440352677	0.1700214247927505
2019-07-24	45.400001525878906	0.8520430167362534	0.31748380157646494
2019-07-25	44.959999084472656	0.7616754870110469	0.39589467414907276
2019-07-26	44.70000076293945	0.6614540464828238	0.5445539350599482
2019-07-29	44.27000045776367	0.5410930183457481	0.6340783641242211
2019-07-30	44.20000076293945	0.43504274408319077	0.653118039048671
2019-07-31	45.0	0.41081477325459304	0.6366605074377674
2019-08-01	45.0099983215332	0.3879486818928939	0.6125224964393503
2019-08-02	45.59000015258789	0.41188053778318334	0.5690806810831965
2019-08-05	44.0099983215332	0.29989673991757115	0.4615512616537494
2019-08-06	44.59000015258789	0.2550104718173287	0.36167441865893935
2019-08-07	45.2400016784668	0.2687890390816463	0.362264721042294
2019-08-08	45.59999847412109	0.3052387830123635	0.2556927798357087
2019-08-09	44.83000183105469	0.2688935364113263	0.10466702485695834
2019-08-12	44.9900016784668	0.2501171226409795	-0.03958023773772368
2019-08-13	44.18000030517578	0.16794042540578147	-0.12980718086168608
2019-08-14	43.20000076293945	0.023466520494316967	-0.2524658212373936
2019-08-15	43.29999923706055	-0.08201562382829763	-0.2954322967677179
2019-08-16	43.5	-0.147769201694679	-0.3297174353068222
2019-08-19	43.09999847412109	-0.22951051175475357	-0.3528215474351022
2019-08-20	44.72999954223633	-0.16090876905468576	-0.3948225597618489
2019-08-21	45.18000030517578	-0.06942975002037599	-0.4663067773681533
2019-08-22	45.09999847412109	-0.003348844137221363	-0.55768267235662
2019-08-23	44.77999877929688	0.0229350676557587	-0.6787586318856995
2019-08-26	43.5	-0.058841656982032475	-0.7339746194023498
2019-08-27	43.0	-0.1621272200802224	-0.7489276054122378
2019-08-28	44.400001525878906	-0.1295203204992319	-0.74652409907603
2019-08-29	44.20000076293945	-0.11845206607056014	-0.7137975279675572
2019-08-30	45.970001220703125	0.03276614204781936	-0.65210234891385
2019-09-03	45.54999923706055	0.11736411105742661	-0.6322316489740167
2019-09-04	46.18999862670898	0.23336117072570062	-0.5958972580464348
2019-09-05	46.68999862670898	0.36146871125527014	-0.5757960284633654
2019-09-06	46.22999954223633	0.4210234817264151	-0.6093259404665154
2019-09-09	44.9900016784668	0.36396800527944606	-0.6246632339011171
2019-09-10	44.650001525878906	0.2879961183378583	-0.6159997029116013
2019-09-11	44.459999084472656	0.21003508773483048	-0.5966080753080654
2019-09-12	44.31999969482422	0.13539290347007693	-0.5817957516050889
2019-09-13	43.2599983215332	-0.009188893506667739	-0.538033462488805
2019-09-16	43.79999923706055	-0.07928351732378758	-0.5183560922658934
2019-09-17	43.91999816894531	-0.12372487740253746	-0.5321319149817008
2019-09-18	43.959999084472656	-0.15394268047171522	-0.5536128208282882
2019-09-19	44.40999984741211	-0.13996576810655625	-0.5394043102246258
2019-09-20	44.7400016784668	-0.10109521186047488	-0.5380795532435378
2019-09-23	44.40999984741211	-0.09581392255681465	-0.5189438959739583
2019-09-24	43.84999847412109	-0.13525673795115978	-0.5618554364595063
2019-09-25	43.5099983215332	-0.19174036061241395	-0.5826909180091313
2019-09-26	44.41999816894531	-0.16121625537554962	-0.6242834623765319
2019-09-27	44.79999923706055	-0.10515066030754383	-0.7159666923346499
2019-09-30	44.720001220703125	-0.06640793430491243	-0.7660778585252821
2019-10-01	44.54999923706055	-0.04885857292043028	-0.791822229527952
2019-10-02	43.43999862670898	-0.12309933764245073	-0.8412592673918802
2019-10-03	43.75	-0.15513288321464103	-0.851259708279926
2019-10-04	44.0	-0.15851947438129343	-0.8501915852593704
2019-10-07	43.970001220703125	-0.1617593618274924	-0.8396659437445813
2019-10-08	43.7599983215332	-0.17920669167692438	-0.845782078918802
2019-10-09	44.09999847412109	-0.16371149130492313	-0.8122173830994015
2019-10-10	44.900001525878906	-0.085887811770057	-0.7726756750639971
2019-10-11	45.119998931884766	-0.006386414370247451	-0.7392720438781737
2019-10-14	45.04999923706055	0.050389763656390585	-0.7006878119998028
2019-10-15	45.09999847412109	0.09828682502504904	-0.6305640007771203
2019-10-16	45.34999847412109	0.1546359548719991	-0.5939648194829097
2019-10-17	45.40999984741211	0.20180833475966864	-0.5385783974491787
2019-10-18	46.79999923706055	0.3473500841620236	-0.5002150261296485
2019-10-21	45.970001220703125	0.3912094468144147	-0.4469078426621955
2019-10-22	45.09999847412109	0.3517120395148581	-0.4088249659261436
2019-10-23	45.0	0.30878157672047024	-0.40304697767464503
2019-10-24	45.150001525878906	0.28359365406881665	-0.4521605175685366
2019-10-25	44.220001220703125	0.18643963158903887	-0.48708243841733534
2019-10-28	44.36000061035156	0.11936518202168855	-0.532823683766189
2019-10-29	44.54999923706055	0.0806102737275225	-0.5250959543130413
2019-10-30	44.54999923706055	0.04932810599018467	-0.5226300303127687
2019-10-31	44.5	0.02026859832799488	-0.4940015339473689
2019-11-01	44.2599983215332	-0.021875236422658872	-0.43243787362684216
2019-11-04	45.20000076293945	0.020341329812765707	-0.37289440939202123
2019-11-05	44.70000076293945	0.01329913720732634	-0.31720760382423663
2019-11-06	45.29999923706055	0.0554933188599378	-0.2859179155503533
2019-11-07	44.7599983215332	0.044842039783759446	-0.2501676402834825
2019-11-08	45.0	0.05513143320822422	-0.18101669030587786
2019-11-11	45.2599983215332	0.08330525218777751	-0.1447187472715008
2019-11-12	44.93000030517578	0.07810478139751353	-0.1313830351395744
2019-11-13	44.86000061035156	0.067556234252244	-0.09071973980931958
2019-11-14	45.84000015258789	0.13669843305753915	-0.0769724703399497
2019-11-18	46.79999923706055	0.2658929780844943	-0.04538161852959277
2019-11-19	45.65999984741211	0.2731435338107602	-0.04643856195352569
2019-11-21	45.650001525878906	0.27491383491204147	-0.08263478175498662
2019-11-22	45.5	0.2612019680704307	-0.10845661054917244
2019-11-25	45.400001525878906	0.2395053055943137	-0.08437441921424238
2019-11-26	44.380001068115234	0.13840953288580238	-0.09485854916656322
2019-11-27	45.650001525878906	0.1589367043701202	-0.07885762582028022
2019-11-29	46.29999923706055	0.22505967090513934	-0.0813771042783884
2019-12-02	46.0	0.25036906827213556	-0.10236670017259542
2019-12-03	46.9900016784668	0.34631965231744744	-0.1264197934896849
2019-12-04	47.5	0.4582315754118085	-0.10314034927187876
2019-12-05	46.61000061035156	0.4696927424749049	-0.07734431958311916
2019-12-06	47.0	0.5044307278954392	-0.04348881767349155
2019-12-09	47.470001220703125	0.563391574786472	-0.006097949305093664
2019-12-10	47.22999954223633	0.5840201206520561	0.012098340405373165
2019-12-11	47.4900016784668	0.6142674979878961	0.03578938428437439
2019-12-12	46.68999862670898	0.567147478974185	0.0683018859211586
2019-12-13	47.5	0.588382360192071	0.08980547047222842
2019-12-16	47.33000183105469	0.5847530558150993	0.14152692866652927
2019-12-17	47.38999938964844	0.5800318612672299	0.20037961609890687
2019-12-18	47.72999954223633	0.5968453892635992	0.2769122836403568
2019-12-19	47.84999847412109	0.6127892887927189	0.37041331557862733
2019-12-20	48.84999847412109	0.6980696740216104	0.42907741989054315
2019-12-23	49.0	0.7688955143819172	0.44542025168492927
2019-12-26	49.88999938964844	0.8866206054124319	0.48027096965979155
2019-12-27	49.33000183105469	0.924079254902793	0.5228432487855414
2019-12-30	49.040000915527344	0.9197624057730778	0.5382734893712744
2020-01-02	48.2400016784668	0.8420810332048276	0.5817213611020975
2020-01-03	48.79999923706055	0.8162953638359909	0.5844031110598742
2020-01-06	48.33000183105469	0.749297734491428	0.5383628146973862
2020-01-07	49.400001525878906	0.7736238098400321	0.5049311461257915
2020-01-08	49.900001525878906	0.8237525149155402	0.4817588676140794
2020-01-09	49.060001373291016	0.7866310891709318	0.498797597948883
2020-01-10	50.27999877929688	0.8459046245889184	0.5455510282667824
2020-01-13	51.79999923706055	1.003957663218472	0.5903231016835271
2020-01-14	52.93999862670898	1.207287400769495	0.637818889074353
2020-01-15	52.9900016784668	1.356821912657452	0.6510100332650772
2020-01-16	53.9900016784668	1.5382883033086188	0.6299944944664837
2020-01-17	53.0	1.5839579819945584	0.6007657309100232
2020-01-21	54.880001068115234	1.7516598612477807	0.5582558487755307
2020-01-22	53.5	1.753002731454103	0.5169931695911743
2020-01-23	53.77999877929688	1.7564136835943742	0.45643696252525956
2020-01-24	54.29999923706055	1.7805514896387606	0.3790617777970162
2020-01-27	53.59999847412109	1.7233311743719355	0.24790958185620227
2020-01-28	53.93999862670898	1.6859838606300528	0.18939521905150158
2020-01-29	54.540000915527344	1.685373083893225	0.16612173701346933
2020-01-30	52.790000915527344	1.5260868846390991	0.10052434110580322
2020-01-31	52.369998931884766	1.3503942696093745	0.004110058249708004
2020-02-03	53.060001373291016	1.2523971817112596	-0.03956623434168449
2020-02-04	52.7599983215332	1.1374146365601376	-0.04541439629072386
2020-02-05	52.41999816894531	1.007244087456833	-0.05346728970530279
2020-02-06	52.58000183105469	0.9065438743110334	0.10835417511226098
2020-02-07	51.900001525878906	0.7630716730082909	0.2307116124046118
2020-02-10	51.97999954223633	0.6483503123465297	0.35425998480633325
2020-02-11	52.900001525878906	0.6244707685021567	0.6799543187143584
2020-02-12	53.0	0.6066223344399901	0.9425359127413167
2020-02-13	54.15999984741211	0.6782610439063248	1.0354129181149254
2020-02-14	52.86000061035156	0.6229551245043865	1.0548987072542388
2020-02-18	51.58000183105469	0.47041690754181076	1.0190554126473614
2020-02-19	51.869998931884766	0.3686797039189287	1.0104709546492856
2020-02-20	51.15999984741211	0.22813148688986473	0.993027640235109
2020-02-21	52.59000015258789	0.22948967183108238	0.9991557339254697
2020-02-26	50.5	0.06121485103066249	0.9255619976197345
2020-02-27	48.060001373291016	-0.26596576626874224	0.764022032916639
2020-02-28	48.59999847412109	-0.4761962160380264	0.6175845362352348
2020-03-02	51.400001525878906	-0.41211787806988553	0.5452750597856806
2020-03-03	51.900001525878906	-0.3173315121054543	0.4616676162772464
2020-03-04	53.66999816894531	-0.09825606283336441	0.4236085800881
2020-03-05	52.18999862670898	-0.043558667908754956	0.3514698238144405
2020-03-06	51.13999938964844	-0.08396881138963863	0.20160085696746677
2020-03-09	47.63999938964844	-0.39387454988447246	-0.056918695460158375
2020-03-10	53.5099983215332	-0.163927569239938	-0.20058027652323673
2020-03-11	52.5	-0.06247122464939281	-0.4313056898991441
2020-03-12	48.900001525878906	-0.26945007825166556	-0.8121725200240917
2020-03-13	52.0099983215332	-0.18045142910435175	-0.9768725290208913
2020-03-16	48.72999954223633	-0.3703190404672796	-1.267086227270397
2020-03-17	53.68000030517578	-0.11998370029813543	-1.4377426457417855
2020-03-18	52.9900016784668	0.022472686596039182	-1.764066201283665
2020-03-19	56.7400016784668	0.4329730160818315	-2.1280625071407755
2020-03-20	50.52000045776367	0.2534734843569808	-2.3666572124369267
2020-03-23	46.58000183105469	-0.20435052336271298	-2.308842116201017
2020-03-24	46.61000061035156	-0.5583227005967615	-2.0832737350850046
2020-03-25	47.09000015258789	-0.7909981158513375	-1.8493010801463328
2020-03-26	48.970001220703125	-0.8143078503937247	-1.666453012877568
2020-03-27	48.08000183105469	-0.894287703692136	-1.5385069290848001
2020-03-30	49.0	-0.8733685017315125	-1.4191361023868758
2020-03-31	50.59999847412109	-0.7193906902742881	-1.2958781995728934
2020-04-01	50.09999847412109	-0.6304406591864407	-1.2675036587092698
2020-04-02	50.59999847412109	-0.5136799150670583	-1.1662130649237454
2020-04-03	49.90999984741211	-0.4713894229153581	-1.0982934623473106
2020-04-06	52.13999938964844	-0.25499218583274086	-0.9137035530902793
2020-04-07	51.79999923706055	-0.10966681640656617	-0.7339399510833537
2020-04-08	51.900001525878906	0.013419246114047212	-0.588724077241352
2020-04-09	50.86000061035156	0.02673823350421145	-0.4243672674031451
2020-04-13	51.9900016784668	0.12701116371933097	-0.3521861307714147
2020-04-14	51.15999984741211	0.1379141833340043	-0.14404206302792844
2020-04-15	51.20000076293945	0.14807571978831646	-0.03915378131405234
2020-04-16	49.400001525878906	0.010759882204524729	0.10010810007502968
2020-04-17	48.290000915527344	-0.1854934282063141	0.306992939314366
2020-04-20	48.209999084472656	-0.3435211715672466	0.511851505973425
2020-04-22	49.20000076293945	-0.38444281755276677	0.5229303315115708
2020-04-23	49.27999877929688	-0.4057412133299749	0.5392122626602145
2020-04-24	46.38999938964844	-0.6483454210096582	0.5338581107980751
2020-04-27	47.4900016784668	-0.7432819205565409	0.602553750074506
2020-04-28	47.0	-0.848280372665478	0.6598788660515638
2020-04-29	46.72999954223633	-0.9424156024565988	0.7395508240281963
2020-04-30	46.400001525878906	-1.0317531245099758	0.7185582986709598
2020-05-04	48.86000061035156	-0.8937497960239611	0.6867429655074666
2020-05-05	49.79999923706055	-0.7004567018199594	0.6779218548399584
2020-05-06	49.59999847412109	-0.5569883076573561	0.6608920580501092
2020-05-07	43.470001220703125	-0.927239479937576	0.629647635666533
2020-05-08	48.43999862670898	-0.8102884460035256	0.6482494111909674
2020-05-11	47.27999877929688	-0.8019616870623807	0.6562335810695608
2020-05-12	46.630001068115234	-0.838150377820277	0.6454379750854038
2020-05-13	47.20000076293945	-0.8114817082819883	0.6048951585829236
2020-05-14	47.47999954223633	-0.7590037117678321	0.5614510172021205
2020-05-15	46.09999847412109	-0.8193244126759893	0.5026677404752036
2020-05-18	47.66999816894531	-0.7320050498382713	0.5011405548496342
2020-05-19	46.5	-0.7485836930027787	0.4272244792402553
2020-05-20	47.09000015258789	-0.7059762509109433	0.3803986936191812
2020-05-21	47.220001220703125	-0.6541785828593092	0.29550221368195295
2020-05-22	47.400001525878906	-0.5917823390115586	0.28465165172709206
2020-05-26	48.68000030517578	-0.43404426996743695	0.3311401874482307
2020-05-27	48.56999969482422	-0.3142889167561549	0.36059834797391943
2020-05-28	48.040000915527344	-0.2591609623977149	0.39711852326336583
2020-05-29	46.81999969482422	-0.31033817858439505	0.4682711682320395
2020-06-01	47.65999984741211	-0.2798891115317872	0.558567158811691
2020-06-02	48.18000030517578	-0.21136186736377027	0.6787869597702745
2020-06-03	47.0	-0.24939482727619122	0.7405113443069702
2020-06-04	47.38999938964844	-0.2452395616256453	0.7788365510106203
2020-06-05	47.93000030517578	-0.19611226266505355	0.817537747076571
2020-06-08	48.83000183105469	-0.08359232252421123	0.8768330892772767
2020-06-09	48.79999923706055	0.0031235754729195264	0.9212743924944782
2020-06-10	49.709999084472656	0.14362036571468195	0.9751098081854295
2020-06-12	49.95000076293945	0.2712049322408774	0.9120452638638099
2020-06-15	48.400001525878906	0.24442703317547654	0.8115582634290739
2020-06-16	49.2599983215332	0.2892654374564785	0.7267714088870108
2020-06-17	49.52999877929688	0.3426372672138456	0.7677302428690282
2020-06-18	50.4900016784668	0.4571295330006677	0.8548890377729457
2020-06-19	50.95000076293945	0.5783170809340277	0.9214107560881502
2020-06-22	49.790000915527344	0.5741384815904382	0.981376045817342
2020-06-23	49.2400016784668	0.5204471785034173	1.0259486030313063
2020-06-24	48.63999938964844	0.4245868903271841	0.9542495827125101
2020-06-25	49.560001373291016	0.41803455053293703	0.945434079191422
2020-06-26	48.65999984741211	0.33634203095983395	0.9181806037559852
2020-06-29	48.18000030517578	0.2302144007915672	0.8783873307049284
2020-06-30	48.400001525878906	0.16199240158999828	0.8324138707099173
2020-07-01	47.900001525878906	0.06681001017463473	0.8467376399934885
2020-07-02	48.13999938964844	0.010620672583819157	0.8810170750947641
2020-07-06	48.77000045776367	0.016733149448256768	0.9927629192716445
2020-07-07	48.4900016784668	-0.001004649071361996	1.1495693633749084
2020-07-08	48.79999923706055	0.009838814301907917	1.260120496360173
2020-07-09	49.880001068115234	0.1043762742448422	1.3898102791669977
2020-07-10	48.9900016784668	0.1062575092225373	1.4971192876359183
2020-07-13	48.36000061035156	0.0562640040223954	1.5864681936151825
2020-07-14	47.900001525878906	-0.020240965525644583	1.6527504868196274
2020-07-15	48.70000076293945	-0.016132487251894645	1.7049915759229037
2020-07-16	49.900001525878906	0.08299680857885505	1.6905937561028708
2020-07-17	50.540000915527344	0.21077046108398179	1.6752039728348649
2020-07-20	53.38999938964844	0.5358263866394353	1.6296968080628922
2020-07-21	52.70000076293945	0.7293509234865567	1.5874369367810282
2020-07-22	51.56999969482422	0.7825184848306677	1.6040430476806122
2020-07-23	49.77000045776367	0.6716667093110473	1.5668650390988894
2020-07-24	49.400001525878906	0.5476471218526129	1.5262627181513082
2020-07-27	50.79999923706055	0.5559205146577568	1.5185399936048505
2020-07-28	51.0	0.5720217178631302	1.516722624923048
2020-07-29	50.5	0.5382318147577863	1.5945383157436943
2020-07-30	51.29999923706055	0.5694421510104846	1.6389291263707157
2020-07-31	52.560001373291016	0.6879183153406885	1.5912133935480774
2020-08-03	51.400001525878906	0.6803663956879902	1.648971993633694
2020-08-04	50.630001068115234	0.6052716483813683	1.6164015858372913
2020-08-05	50.04999923706055	0.49327109746290887	1.4902976322377661
2020-08-06	51.31999969482422	0.5012106328616426	1.3457967921845864
2020-08-07	50.70000076293945	0.4522606602417909	1.1741703237732857
2020-08-10	51.90999984741211	0.5052797179449442	1.0486603685371385
2020-08-11	50.9900016784668	0.4676705249709343	0.8522219724463724
2020-08-12	49.5	0.3140145216523891	0.6886053148545024
2020-08-13	49.47999954223633	0.1884547728871695	0.595645267953028
2020-08-14	50.25	0.14935865555212757	0.45858934729945844
2020-08-17	49.18999862670898	0.03246718734273912	0.35236502335313347
2020-08-18	50.0	0.005131050434471263	0.263529956144378
2020-08-19	49.56999969482422	-0.050646643002657754	0.2387897680201796
2020-08-20	49.790000915527344	-0.07621999042007133	0.1911581376460667
2020-08-21	49.41999816894531	-0.12490337356083359	0.15166146840542183
2020-08-24	50.0	-0.11535427270594312	0.13414518646472473
2020-08-25	50.0	-0.10655820482583778	0.18191289972743974
2020-08-26	49.29999923706055	-0.15429287683716097	0.2850708109061557
2020-08-27	49.27999877929688	-0.1915289911196254	0.29244450272683054
2020-08-28	49.68999862670898	-0.185813377830911	0.28451845524122277
2020-08-31	48.5	-0.27414646723869396	0.2997956676988913
2020-09-01	49.18000030517578	-0.2859840888149421	0.32031430038809816
2020-09-02	48.59999847412109	-0.33826745305351125	0.32875130366525696
2020-09-03	48.84999847412109	-0.35543228312015884	0.24067476341067007
2020-09-04	48.97999954223633	-0.354459545879763	0.12106291638842492
2020-09-08	49.20000076293945	-0.33210804985607467	-0.15590994804742309
2020-09-09	50.5	-0.20710784403375726	-0.3719324675242319
2020-09-10	48.400001525878906	-0.2743342522905081	-0.5433240938769259
2020-09-11	47.9900016784668	-0.3565847394386026	-0.6259434939236641
2020-09-14	48.0	-0.41616477364100746	-0.5104351147240287
2020-09-15	48.0	-0.4581016691142139	-0.3518978954508931
2020-09-16	47.369998931884766	-0.5359941747720498	-0.11837846998936996
2020-09-17	47.5	-0.5805424153691803	0.049972910408268234
2020-09-18	47.09000015258789	-0.6415355556263691	0.12625987056241073
2020-09-21	46.70000076293945	-0.7131223198952554	0.1423108926131995
2020-09-22	46.68999862670898	-0.7618799572423001	0.17480320119125636
2020-09-23	45.900001525878906	-0.8544177044352068	0.14162982308072714
2020-09-24	45.9900016784668	-0.9100023351698212	0.029466907641683804
2020-09-25	45.70000076293945	-0.9663151264692615	-0.022848481018606037
2020-09-28	44.59999847412109	-1.0871721668920173	-0.007735422885271959
2020-09-29	44.20000076293945	-1.2013799542474857	0.023338726030729617
2020-09-30	44.11000061035156	-1.284347549627057	0.08890011880896154
2020-10-01	44.0	-1.343489189572125	0.135264080334089
2020-10-02	43.709999084472656	-1.3976487903167651	0.1971701697088335
2020-10-05	43.5	-1.440905968119445	0.31761319661522336
2020-10-06	44.130001068115234	-1.4081198430938997	0.44983938587498784
2020-10-07	43.54999923706055	-1.4126537106583683	0.5802179819648572
2020-10-08	44.709999084472656	-1.3075716679519829	0.7188309757543081
2020-10-09	44.34999847412109	-1.2390593279912423	0.7801509449951496
2020-10-13	44.47999954223633	-1.160890778964479	0.8472231530767509
2020-10-14	44.29999923706055	-1.100777087929437	0.9300036790315431
2020-10-15	44.400001525878906	-1.033157607948624	0.9483643871772323
2020-10-16	43.5099983215332	-1.0394029136328413	0.966300984716483
2020-10-19	43.15999984741211	-1.060371018145716	0.9789147661658433
2020-10-20	43.20000076293945	-1.0615240638257575	1.001573197708879
2020-10-21	43.130001068115234	-1.0559143281043433	1.0063161124271645
2020-10-22	43.79999923706055	-0.9860388769183785	0.9802165395360021
2020-10-23	44.41999816894531	-0.8705976385235417	0.9765177035593027
2020-10-26	44.33000183105469	-0.7774100782621858	0.8468217717355557
2020-10-27	43.47999954223633	-0.76334695775504	0.7706576692309994
2020-10-28	42.61000061035156	-0.8130313569638332	0.6734845183605742
2020-10-29	42.25	-0.871410563358161	0.6199901461224471
2020-10-30	42.66999816894531	-0.8737145256787784	0.5303292550556975
2020-11-03	42.310001373291016	-0.8942804567721581	0.3519303152155544
2020-11-04	42.20000076293945	-0.9089771129357871	0.2663820458871058
2020-11-05	43.290000915527344	-0.8231812944765124	0.24498237306936943
2020-11-06	42.84999847412109	-0.7816812748331188	0.2405810113334539
2020-11-09	44.77999877929688	-0.5862988274080791	0.2343909870522367
2020-11-10	45.43999862670898	-0.37389038273840214	0.09444849031979885
2020-11-11	44.79999923706055	-0.2542667334365234	0.0363801574560938
2020-11-12	44.43999862670898	-0.1863648718926001	-0.03585434405704291
2020-11-13	44.63999938964844	-0.11508711470042243	-0.0641194718596978
2020-11-16	45.63999938964844	0.021840895802860416	-0.04006374765233289
2020-11-17	47.0	0.23736185419327427	-0.04389407952449176
2020-11-18	46.52000045776367	0.3652217657544483	-0.07032639742889302
2020-11-19	46.400001525878906	0.45166227436850903	-0.09741353733332403
2020-11-23	44.22999954223633	0.3411335998083942	-0.026585407459336352
2020-11-24	44.150001525878906	0.2442678893774115	0.022828076549721743
2020-11-25	43.400001525878906	0.10576321152547763	0.09000019303443452
2020-11-27	44.09000015258789	0.05108549725900957	0.2740239166489573
2020-11-30	44.75	0.060314221803800194	0.3807772493625663
2020-12-01	45.470001220703125	0.12429335725192203	0.5095351627288522
2020-12-02	44.20000076293945	0.07169243418024962	0.5766870950633916
2020-12-03	44.0	0.0137094001525071	0.6737811575189454
2020-12-04	43.79999923706055	-0.04782961215673254	0.708669154679086
2020-12-07	43.63999938964844	-0.1082623918261092	0.659323320838638
2020-12-08	44.310001373291016	-0.10092880008760119	0.6203278982830298
2020-12-09	45.29999923706055	-0.015058734235779525	0.6935898074403894
2020-12-10	45.52999877929688	0.07073753422236706	1.0557909884061445
2020-12-11	47.04999923706055	0.25840430489610355	1.1879338967023259
2020-12-14	45.88999938964844	0.30995629631535593	1.378439948010282
2020-12-15	45.7400016784668	0.3348481383152091	1.4952357404344667
2020-12-16	45.91999816894531	0.36489305492516877	1.586455059897915
2020-12-17	46.18999862670898	0.4058126921485794	1.7674791336536018
2020-12-18	45.65999984741211	0.3909684860161988	1.8636378581354336
2020-12-21	45.08000183105469	0.3286152806359155	1.9791623898087778
2020-12-22	45.38999938964844	0.3007473006886272	1.9561783833722473
2020-12-23	45.4900016784668	0.28346348416059186	1.8560492799433774
2020-12-28	45.900001525878906	0.2993982199032885	1.6040843332475063
2020-12-29	45.20000076293945	0.2526302372460876	1.5256035061643445
2020-12-30	46.5	0.3168133211719635	1.4180118863285287
2021-01-04	45.93999862670898	0.3188163306955403	1.3000071274444025
2021-01-05	45.54999923706055	0.28564134319140777	1.2980374814391737
2021-01-06	45.040000915527344	0.2157107450736504	1.2099068680437313
2021-01-07	43.900001525878906	0.06752345056415265	1.1334524666579995
2021-01-08	45.04999923706055	0.04239050503912978	1.0686125436599383
2021-01-11	44.540000915527344	-0.018467258614627724	0.9481981186491311
2021-01-12	44.5	-0.06912834580862182	0.9100592152869993
2021-01-13	44.59999847412109	-0.10005520711837335	0.9767018619728276
2021-01-14	44.43999862670898	-0.13590894432419987	1.0943656841023781
2021-01-15	44.68000030517578	-0.14330522625365205	1.0974996076706276
2021-01-19	43.790000915527344	-0.2184640283497714	1.242205872371379
2021-01-20	43.86000061035156	-0.26927548991091044	1.3302554917248344
2021-01-21	43.81999969482422	-0.3092073292397828	1.431943755629952
2021-01-22	44.13999938964844	-0.31144218691329684	1.4793411236900127
2021-01-26	44.83000183105469	-0.25460101526995516	1.4716971192637018
2021-01-27	45.65999984741211	-0.1409552297400154	1.2734381134044526
2021-01-28	45.709999084472656	-0.046321638351450645	1.1331104525151758
2021-01-29	45.20000076293945	-0.012334256065599902	0.8937870253931095
2021-02-01	45.93000030517578	0.07266817793863822	0.8452710126655631
2021-02-02	46.61000061035156	0.19268243772306448	0.7545504816855626
2021-02-03	48.38999938964844	0.42650909729610476	0.7841619407924938
2021-02-04	48.38999938964844	0.6048461200693254	0.8143799603182487
2021-02-05	47.84999847412109	0.6945990293217221	0.9221075507990975
2021-02-08	47.52999877929688	0.7314755605811101	1.2568558983672489
2021-02-09	47.52000045776367	0.7512339390742184	1.5646290379335497
2021-02-10	47.650001525878906	0.7685235351896864	1.7879313092412445
2021-02-11	48.95000076293945	0.8770150549295508	1.974416899261925
2021-02-12	48.400001525878906	0.9081464767843883	2.026228372008447
2021-02-17	47.34999847412109	0.8384270171083941	2.2431606840234366
2021-02-18	46.220001220703125	0.684106553931656	2.342886338199726
2021-02-19	46.43999862670898	0.5729537726747651	2.472496015488332
2021-02-22	45.459999084472656	0.4011622709113567	2.5522473786277757
2021-02-23	45.11000061035156	0.23407603346412742	2.510659554698954
2021-02-24	44.38999938964844	0.04306448471332658	2.384849502700746
2021-02-25	44.52000045776367	-0.09670874587953193	2.206453041054459
2021-02-26	44.0	-0.24659711125531913	2.0247869057775816
2021-03-01	43.310001373291016	-0.41626341775439357	2.0284981173688124
2021-03-02	43.47999954223633	-0.5308880100215134	1.9723914773568723
2021-03-03	44.18999862670898	-0.5580054928367133	1.8844173898067424
2021-03-04	44.0099983215332	-0.58725134567932	1.5882051730160924
2021-03-05	44.720001220703125	-0.5468340322099294	1.421791493039457
2021-03-08	43.959999084472656	-0.569563270049045	1.083754539505719
2021-03-09	43.7599983215332	-0.5968348047723069	1.0514605539651996
2021-03-10	43.54999923706055	-0.6281519192881007	0.9264273758600936
2021-03-11	43.90999984741211	-0.6168116962819639	0.936769864506033
2021-03-12	45.0099983215332	-0.5131485470306671	0.9437700782165166
2021-03-15	45.470001220703125	-0.38938774529566444	0.9273313190921897
2021-03-16	45.45000076293945	-0.28958216512209134	0.9684992609869738
2021-03-17	46.47999954223633	-0.12592168355931932	0.9633916898163406
2021-03-18	46.43000030517578	-0.00025119772938353435	0.7649354862012885
2021-03-19	46.45000076293945	0.09980692538039193	0.5393081051291304
2021-03-22	45.83000183105469	0.12760403666499087	0.3843086608557158
2021-03-23	45.56999969482422	0.12718731199876032	0.21062763779588067
2021-03-24	45.0	0.0799413291318487	-0.11132327539595366
2021-03-25	45.20000076293945	0.05796871020699257	-0.45084243527064416
2021-03-26	45.34000015258789	0.051261125776775884	-0.6654420214998424
2021-03-29	45.52000045776367	0.05978072214003305	-0.8307783456242248
2021-03-30	45.5	0.06417887967265301	-0.9971157445451269
2021-03-31	44.22999954223633	-0.03441723148004883	-1.0299199338771388
2021-04-01	44.13999938964844	-0.11845217710265388	-1.0024027245136367
2021-04-05	44.459999084472656	-0.15741459842097072	-0.8018990186777231
2021-04-06	44.470001220703125	-0.18534892222267274	-0.6260982059359534
2021-04-07	44.54999923706055	-0.19874094187672142	-0.48122750414754734
2021-04-08	44.68999862670898	-0.19580036844994453	-0.3263432466811409
2021-04-09	44.45000076293945	-0.2104102858840804	-0.2236122553145563
2021-04-12	44.75	-0.19552740130617963	-0.06240012189665123
2021-04-13	44.45000076293945	-0.20557035222797282	0.07658242252101388
2021-04-14	44.7400016784668	-0.1879621028257361	0.08647952463542197
2021-04-15	44.75	-0.17122686066092996	0.208917719351156
2021-04-16	44.13999938964844	-0.20482491778878398	0.26257821128683645
2021-04-19	43.66999816894531	-0.26630696969388623	0.2322259387637331
2021-04-20	43.84999847412109	-0.2970828325149881	0.14836322400989843
2021-04-22	43.56999969482422	-0.3401455013641481	0.198233123515152
2021-04-23	43.93000030517578	-0.34128976016249624	0.28689758443528746
2021-04-26	43.65999984741211	-0.3598354152801022	0.37941948667126724
2021-04-27	42.95000076293945	-0.42690290206487447	0.38536216287610614
2021-04-28	42.93999862670898	-0.47538155469167265	0.3058544343998193
2021-04-29	43.400001525878906	-0.47125056345760896	0.25204216330156015
2021-04-30	43.20000076293945	-0.47859813188811273	0.1711117799182702
2021-05-03	42.97999954223633	-0.49645061898362286	0.12250716062106903
2021-05-04	42.7599983215332	-0.5223300083141638	-0.011100553037444172
2021-05-05	43.0	-0.517507971378464	-0.07018239801995918
2021-05-06	43.31999969482422	-0.4823054542903975	-0.03111358359684857
2021-05-07	43.52999877929688	-0.4324767124624458	0.03255699768031661
2021-05-10	43.540000915527344	-0.3877106991661776	0.06372279448338958
2021-05-11	43.79999923706055	-0.327478649433786	-0.05936638309367481
2021-05-12	42.650001525878906	-0.3682940558125338	-0.41119553598984027
2021-05-13	42.88999938964844	-0.3769297263121345	-0.8584553914534254
2021-05-14	42.9900016784668	-0.37142267900509296	-1.1097450455671023
2021-05-17	43.18999862670898	-0.34692113120954104	-1.3992768579718557
2021-05-18	43.119998931884766	-0.32935526592881104	-1.5224223761841245
2021-05-19	43.95000076293945	-0.2456285272238361	-1.61591336350196
2021-05-20	43.77999877929688	-0.19079288132419947	-1.6563873222298042
2021-05-21	43.83000183105469	-0.14166735540707265	-1.7130963672738417
2021-05-24	44.290000915527344	-0.06486916904218276	-1.776294626819805
2021-05-25	44.38999938964844	0.004016686233896394	-1.8294978219923266
2021-05-26	44.0	0.026830249042532728	-1.8846342776316263
2021-05-27	44.06999969482422	0.04998238645359265	-1.9438480165774124
2021-05-28	44.119998931884766	0.07154046873257158	-1.9026753518728654
2021-06-01	45.47999954223633	0.19610550531841398	-1.9237203015782995
2021-06-02	45.29999923706055	0.2771053756742887	-1.961362767667893
2021-06-04	45.56999969482422	0.3589474145989371	-1.9038875216616802
2021-06-07	46.09999847412109	0.4612572062405178	-1.8507214418671296
2021-06-08	45.4900016784668	0.48749724498169655	-1.8047286312283433
2021-06-09	45.86000061035156	0.5320157400434411	-1.7768456672376516
2021-06-10	47.15999984741211	0.6645356882471418	-1.7315601304822152
2021-06-11	45.66999816894531	0.6419282694607062	-1.688312759494785
2021-06-14	46.20000076293945	0.6591798916479519	-1.624819308910098
2021-06-15	46.09000015258789	0.6564091208361447	-1.5908592872533873
2021-06-16	45.560001373291016	0.6044787382808607	-1.5620771546213987
2021-06-17	45.4900016784668	0.5513198732925346	-1.5257144490855978
2021-06-18	45.61000061035156	0.5129609067050964	-1.550835192935935
2021-06-21	45.13999938964844	0.4395689020952602	-1.5759773280409632
2021-06-22	43.900001525878906	0.278141503059274	-1.591276833944633
2021-06-23	43.470001220703125	0.11419532274002364	-1.5947019817523298
2021-06-24	43.70000076293945	0.0027936312980401112	-1.4779016823299003
2021-06-25	42.93000030517578	-0.14594327038035715	-1.3512017499848739
2021-06-28	43.09999847412109	-0.2472507522879681	-1.277221041778695
2021-06-29	42.41999816894531	-0.3780500772462645	-1.2493758928237355
2021-06-30	42.0	-0.5097240452947389	-1.2284788809304814
2021-07-01	41.619998931884766	-0.6373920650650504	-1.2164543606690827
2021-07-02	41.959999084472656	-0.7030306203474268	-1.1477006513538797
2021-07-06	41.959999084472656	-0.7464450939122855	-1.2107828463071755
2021-07-07	42.5099983215332	-0.7280782027926094	-1.244812949501096
2021-07-08	41.650001525878906	-0.7739947338730531	-1.2907929361415356
2021-07-12	42.369998931884766	-0.7437130807205392	-1.2139876295858016
2021-07-13	41.79999923706055	-0.756982837174256	-1.130405350628692
2021-07-14	41.720001220703125	-0.7651343931118149	-1.0384771350796598
2021-07-15	41.25	-0.8002944343940612	-1.003280124462961
2021-07-16	41.209999084472656	-0.8219122670145893	-0.9993703328117007
2021-07-19	41.25	-0.8262918375781823	-1.0224112449038572
2021-07-20	41.15999984741211	-0.8274861932110511	-1.0136552457525028
2021-07-21	41.18000030517578	-0.8173964217261798	-0.9840754632459792
2021-07-22	41.20000076293945	-0.7985807930577309	-0.9504834716808901
2021-07-23	40.970001220703125	-0.7930861096576294	-0.9739598860279202
2021-07-26	40.90999984741211	-0.7845295742687028	-1.0474648024690936
2021-07-27	40.790000915527344	-0.7784577923990312	-1.1018921811052493
2021-07-28	41.43999862670898	-0.7129777152000543	-1.1311797993155892
2021-07-29	41.04999923706055	-0.6846616206691039	-1.1380440448307354
2021-07-30	41.209999084472656	-0.6419107140986569	-1.1671480878744305
2021-08-02	41.459999084472656	-0.5811581723229722	-1.1455383533148833
2021-08-03	41.93999862670898	-0.4886465801286022	-1.1666073159894808
2021-08-04	41.59999847412109	-0.4377198852525197	-1.169021928704197
2021-08-05	41.33000183105469	-0.41436998603293773	-1.1687595745500303
2021-08-06	41.86000061035156	-0.34907463546363005	-1.1759755879918998
2021-08-09	42.130001068115234	-0.2724007529399799	-1.1690254676307532
2021-08-10	41.0	-0.29936687602107526	-1.16940326997112
2021-08-11	41.59999847412109	-0.269219465957903	-1.1452046934855353
2021-08-12	41.560001373291016	-0.24572232405487426	-1.1586649902023467
2021-08-13	42.09999847412109	-0.18143593618366083	-1.1336704101745383
2021-08-16	42.5	-0.09709250845167361	-1.1482339803287154
2021-08-17	43.18000030517578	0.024340030593975825	-1.1992084578176723
2021-08-18	43.209999084472656	0.12159517001133224	-1.210322795494534
2021-08-19	43.16999816894531	0.19321556039583498	-1.2523032967811965
2021-08-20	44.18999862670898	0.32849407302129663	-1.3227747138504782
2021-08-23	43.86000061035156	0.4044133614028027	-1.366901549965423
2021-08-24	43.540000915527344	0.4337585448906296	-1.3436173747679128
2021-08-25	43.380001068115234	0.4390431476030159	-1.32920818933464
2021-08-26	43.13999938964844	0.4190347320999521	-1.324309767869952
2021-08-27	43.209999084472656	0.40416731974478637	-1.2902235384622003
2021-08-30	43.369998931884766	0.40067668741112783	-1.2607801825586868
2021-08-31	43.72999954223633	0.42209374281980416	-1.207389684080038
2021-09-01	43.220001220703125	0.393379675193529	-1.1310593358559942
2021-09-02	42.43000030517578	0.30337992324832896	-1.093466549099805
2021-09-03	42.09000015258789	0.2022874567230133	-1.0148571179734596
2021-09-08	41.08000183105469	0.04020902047150088	-0.6337829324421698
2021-09-09	42.22999954223633	0.00450397734338992	-0.30805491890691883
2021-09-10	42.220001220703125	-0.024318973575503833	-0.08205085147021407
2021-09-13	42.45000076293945	-0.02827637649794923	0.10313241412362117
2021-09-14	42.790000915527344	-0.00393214864957514	0.1880122471285759
2021-09-15	41.41999816894531	-0.09410219324044533	0.15185811231135915
2021-09-16	41.5099983215332	-0.156496350554022	0.0938813880802094
2021-09-17	42.11000061035156	-0.15573379719819513	0.05855634990366099
2021-09-20	41.84000015258789	-0.17490010903789965	-0.042380003462341165
2021-09-21	42.22999954223633	-0.15681222416500162	-0.12656225023407686
2021-09-22	43.5	-0.03954319267185724	-0.12725694202277538
2021-09-23	43.84999847412109	0.080704994526684	-0.12475566869565213
2021-09-24	43.130001068115234	0.11656113165867765	-0.14530582766417766
2021-09-27	43.13999938964844	0.14412280170879654	-0.13103247528766815
2021-09-28	42.150001525878906	0.08510008909170352	-0.13590635669791595
2021-09-29	42.40999984741211	0.05862802834202796	-0.13737839530855922
2021-09-30	42.869998931884766	0.07391476778848016	-0.1983905219419313
2021-10-01	42.84999847412109	0.08345374630483349	-0.2391449028251884
2021-10-04	42.52000045776367	0.06365163704206367	-0.38880553399409834
2021-10-05	43.150001525878906	0.0976682846540271	-0.4968438997749658
2021-10-06	42.81999969482422	0.09688154301625218	-0.6500153628392411
2021-10-07	43.20000076293945	0.125474562346092	-0.7115596778688769
2021-10-08	45.0	0.29003627375354313	-0.7405011736281857
2021-10-11	45.290000915527344	0.4387951090150821	-0.7060763575297635
2021-10-13	46.0	0.6069816435623778	-0.7205176499552586
2021-10-14	45.79999923706055	0.7158800739439997	-0.7092620267993297
2021-10-15	46.16999816894531	0.8225567638355855	-0.6899675433202681
2021-10-18	46.45000076293945	0.9190978900369373	-0.6965036412362551
2021-10-19	45.90999984741211	0.9411844783858285	-0.5923765744116665
2021-10-20	46.0	0.954942535807092	-0.44740670535285076
2021-10-21	45.27999877929688	0.8974031097897992	-0.35824325600865947
2021-10-22	44.560001373291016	0.7846598563365887	-0.2787192872087516
2021-10-25	44.880001068115234	0.7129132960234728	-0.22999011114660917
2021-10-26	44.790000915527344	0.641397736072868	-0.23625655106337717
2021-10-27	44.59000015258789	0.5621031739845179	-0.3134594180739434
2021-10-28	45.0	0.5262786111848143	-0.38872134952188375
2021-10-29	45.52000045776367	0.5336949747253499	-0.44724607258043747
2021-11-01	46.560001373291016	0.6163865579433221	-0.41301615690285587
2021-11-03	49.63999938964844	0.9198469101119215	-0.3854798053487549
2021-11-04	49.68000030517578	1.1503091176352385	-0.41535317303470976
2021-11-05	50.310001373291016	1.3680182358847972	-0.4276431033986121
2021-11-08	50.79999923706055	1.5620862551458785	-0.23615929733378138
2021-11-09	49.790000915527344	1.6157626291438376	-0.05951338308699761
2021-11-10	49.36000061035156	1.6051015003345555	-0.014568450308388492
2021-11-11	49.209999084472656	1.566491075410049	0.08223537628059674
2021-11-12	49.27999877929688	1.5239730135844098	0.2042072141133886
2021-11-16	49.5	1.4908438828815491	0.37162995396160525
2021-11-17	49.2599983215332	1.4287529043291727	0.4722417368067404
2021-11-18	49.619998931884766	1.392542039288223	0.45155603366151453
2021-11-19	53.0	1.6179319933161764	0.4365851087731585
2021-11-22	51.91999816894531	1.6899276004811057	0.39355564255333064
2021-11-23	51.0	1.653685813694672	0.3306286789270807
2021-11-24	50.77000045776367	1.5880982871885152	0.2568183196062286
2021-11-26	50.84000015258789	1.5241980835336122	0.09156160411321679
2021-11-29	50.31999969482422	1.4152825246828584	-0.04852903198309022
2021-11-30	50.290000915527344	1.3114281810845583	-0.24468519457856885
2021-12-01	49.97999954223633	1.190386313090201	-0.4657798778910127
2021-12-02	50.2400016784668	1.1027281958926025	-0.7038935385771232
2021-12-03	50.84999847412109	1.0701441937997629	-0.9829410854234588
2021-12-06	50.09999847412109	0.9725909819743137	-1.1568621934143906
2021-12-07	49.959999084472656	0.8739087025154859	-1.204955757432156
2021-12-08	49.08000183105469	0.7164352416694868	-1.2600154252129947
2021-12-09	48.119998931884766	0.508312666523949	-1.288794191420628
2021-12-10	49.09999847412109	0.41763753362223355	-1.2878795670661347
2021-12-13	49.0	0.33385927448306063	-1.28684528951392
2021-12-14	48.900001525878906	0.2564392869144072	-1.2681790982897567
2021-12-15	48.68999862670898	0.1761078484363594	-1.2071936045614038
2021-12-16	49.13999938964844	0.14706068144803197	-1.1624079708789345
2021-12-17	49.25	0.13140200179635997	-1.13082476067677
2021-12-20	49.04999923706055	0.1016818699624551	-1.1458427489367047
2021-12-21	49.25	0.09319257545570281	-1.100676359016589
2021-12-22	49.880001068115234	0.13573589060113278	-1.0886436105620163
2021-12-23	49.869998931884766	0.16672280880094803	-1.062821505419702
2021-12-27	49.56999969482422	0.1651687707156313	-1.0958916664432437
2021-12-28	47.97999954223633	0.03523133530597988	-1.12127832437643
2021-12-29	48.27000045776367	-0.04383901923565503	-1.1004699493300798
2021-12-30	48.18999862670898	-0.11167104969587882	-0.971911023589147