2017-02-01	37.68999862670898	19.39200019836426	18.923000144958497	18.407250022888185
2017-02-02	37.84999847412109	19.3060001373291	19.010000228881836	18.536750030517577
2017-02-03	38.04999923706055	19.243999862670897	19.113000106811523	18.63675003051758
2017-02-06	37.54999923706055	19.274999618530273	19.201000022888184	18.720749950408937
2017-02-07	37.58000183105469	19.291999435424806	19.27549991607666	18.786749935150148
2017-02-08	37.93999862670898	19.31799964904785	19.354999923706053	18.870499992370604
2017-02-09	38.0099983215332	19.389999771118163	19.34799995422363	18.933750057220458
2017-02-10	38.2400016784668	19.445999908447266	19.344999885559083	18.98725004196167
2017-02-13	39.29999923706055	19.4	19.337499809265136	19.020250034332275
2017-02-14	38.9900016784668	19.307000350952148	19.299499893188475	19.041750049591066
2017-02-15	38.29999923706055	19.166000366210938	19.242000007629393	19.082500076293947
2017-02-16	38.34999847412109	19.042000198364256	19.21599998474121	19.113000106811523
2017-02-17	38.04999923706055	19.078000259399413	19.26200008392334	19.187500095367433
2017-02-21	38.13999938964844	19.12900047302246	19.264500236511232	19.232750129699706
2017-02-22	38.02999877929688	19.20400047302246	19.255500411987306	19.265500164031984
2017-02-23	37.70000076293945	19.23600044250488	19.20100040435791	19.278000164031983
2017-02-24	37.45000076293945	19.258000564575195	19.150000381469727	19.24900016784668
2017-03-01	36.900001525878906	19.168000411987304	19.12300033569336	19.23400011062622
2017-03-02	36.400001525878906	19.042000198364256	19.08550033569336	19.211500072479247
2017-03-03	37.02000045776367	18.901000213623046	19.052500343322755	19.176000118255615
2017-03-06	37.5	18.778000259399413	19.007000350952147	19.12450017929077
2017-03-07	37.2400016784668	18.661000061035157	18.959500312805176	19.087750148773193
2017-03-08	37.13999938964844	18.537000274658205	18.852500343322752	19.057250213623046
2017-03-09	37.79999923706055	18.410000228881835	18.726000213623045	18.99525022506714
2017-03-10	37.290000915527344	18.327999877929688	18.614500045776367	18.935000228881837
2017-03-13	37.380001068115234	18.300999832153316	18.539500045776368	18.87025022506714
2017-03-14	37.31999969482422	18.261000061035155	18.461000061035158	18.80550022125244
2017-03-15	37.400001525878906	18.243999862670897	18.39050006866455	18.756750202178956
2017-03-16	38.5	18.370000076293945	18.39000015258789	18.737750244140624
2017-03-17	37.880001068115234	18.461000061035158	18.39449996948242	18.723500156402586
2017-03-20	38.33000183105469	18.50099983215332	18.40099983215332	18.704000091552736
2017-03-21	38.33000183105469	18.4689998626709	18.364999961853027	18.662250137329103
2017-03-22	37.380001068115234	18.40200004577637	18.322999954223633	18.587750148773193
2017-03-23	37.810001373291016	18.270999908447266	18.320499992370607	18.523250102996826
2017-03-24	38.38999938964844	18.15200004577637	18.306500053405763	18.460500049591065
2017-03-27	37.959999084472656	18.011000061035155	18.255999946594237	18.397749996185304
2017-03-28	37.459999084472656	17.97299995422363	18.220999908447265	18.34099998474121
2017-03-29	37.93999862670898	17.97699966430664	18.189499855041504	18.289999961853027
2017-03-30	38.47999954223633	17.94199981689453	18.106499862670898	18.248250007629395
2017-03-31	35.5	17.894999694824218	18.02349987030029	18.208999919891358
2017-04-03	36.88999938964844	17.88299980163574	17.946999931335448	18.173999881744386
2017-04-04	36.29999923706055	17.811999893188478	17.892499923706055	18.128749942779542
2017-04-05	36.41999816894531	17.7810001373291	17.87899990081787	18.100999927520753
2017-04-06	36.70000076293945	17.783000183105468	17.8625	18.091499996185302
2017-04-07	36.20000076293945	17.844000244140624	17.869499969482423	18.08800001144409
2017-04-10	35.97999954223633	17.886000061035155	17.884499931335448	18.070249938964842
2017-04-11	36.5099983215332	17.997999954223634	17.904999923706054	18.06299991607666
2017-04-12	36.470001220703125	17.98400001525879	17.882500076293944	18.035999965667724
2017-04-13	35.869998931884766	17.95199966430664	17.867499923706056	17.986999893188475
2017-04-17	35.90999984741211	17.856999588012695	17.85049991607666	17.936999893188478
2017-04-18	36.150001525878906	17.796999740600587	17.841499900817873	17.89424991607666
2017-04-19	36.5	17.770999908447266	17.884499931335448	17.88849992752075
2017-04-20	36.84999847412109	17.8939998626709	17.938999938964844	17.908999919891357
2017-04-24	36.70000076293945	18.0939998626709	18.02299976348877	17.942749881744383
2017-04-25	38.119998931884766	18.363000106811523	18.10999984741211	17.989749908447266
2017-04-26	37.970001220703125	18.570000076293944	18.183499908447267	18.033999919891357
2017-04-27	36.9900016784668	18.746999740600586	18.258999824523926	18.08199987411499
2017-04-28	37.0099983215332	18.843999481201173	18.368999671936034	18.12574987411499
2017-05-02	37.88999938964844	18.898999786376955	18.496499824523926	18.18199987411499
2017-05-03	37.66999816894531	18.81699981689453	18.589999961853028	18.220249938964844
2017-05-04	36.0099983215332	18.780999755859376	18.67549991607666	18.258499908447266
2017-05-05	37.470001220703125	18.74199981689453	18.74449977874756	18.314499855041504
2017-05-08	37.52000045776367	18.754000091552733	18.798999786376953	18.368999862670897
2017-05-09	36.900001525878906	18.74000015258789	18.819499969482422	18.421249866485596
2017-05-10	37.88999938964844	18.861000061035156	18.838999938964843	18.474499893188476
2017-05-11	37.7599983215332	19.052000045776367	18.916499900817872	18.549999904632568
2017-05-12	38.70000076293945	19.135000228881836	18.938500022888185	18.598749923706055
2017-05-15	38.43999862670898	19.08000030517578	18.917000198364256	18.642999935150147
2017-05-16	38.22999954223633	19.095000076293946	18.91750011444092	18.70699996948242
2017-05-17	37.04999923706055	19.036000061035157	18.948500061035155	18.769250011444093
2017-05-18	35.97999954223633	18.886000061035155	18.96900005340576	18.822249984741212
2017-05-19	38.0	18.868999862670897	19.002000045776366	18.87324991226196
2017-05-22	37.060001373291016	18.988999557495116	19.03449993133545	18.9167498588562
2017-05-23	36.59999847412109	19.024999618530273	19.059999847412108	18.939749908447265
2017-05-24	36.900001525878906	19.06999969482422	19.052999877929686	18.945999908447266
2017-05-25	36.900001525878906	19.296999740600587	19.091499900817873	19.00399990081787
2017-05-26	36.900001525878906	19.51599998474121	19.192499923706055	19.06549997329712
2017-05-30	37.540000915527344	19.706000137329102	19.34749984741211	19.132250022888183
2017-05-31	37.7599983215332	19.929000091552734	19.476999855041505	19.197249984741212
2017-06-01	37.5	20.181999969482423	19.62599983215332	19.287249946594237
2017-06-02	37.5	20.297000122070312	19.79699993133545	19.382999992370607
2017-06-05	36.869998931884766	20.413999938964842	19.964999961853028	19.483500003814697
2017-06-06	36.5	20.43299980163574	20.069499969482422	19.551999950408934
2017-06-07	36.650001525878906	20.46799964904785	20.198499870300292	19.629249858856202
2017-06-08	36.369998931884766	20.65199966430664	20.41699981689453	19.73499984741211
2017-06-09	35.61000061035156	20.79499969482422	20.545999908447264	19.81874990463257
2017-06-12	35.5	20.8439998626709	20.62899990081787	19.910749912261963
2017-06-13	36.0	20.881999969482422	20.657499885559083	20.002499866485596
2017-06-14	36.40999984741211	20.885000228881836	20.676499938964845	20.076749897003175
2017-06-15	36.40999984741211	20.65700035095215	20.654500007629395	20.140249919891357
2017-06-16	36.650001525878906	20.528000259399413	20.661499977111816	20.229249954223633
2017-06-19	36.0099983215332	20.533000183105468	20.688500022888185	20.326749992370605
2017-06-20	35.849998474121094	20.608000183105467	20.745000076293945	20.407250022888185
2017-06-21	35.58000183105469	20.67600021362305	20.780500221252442	20.489500045776367
2017-06-22	35.93000030517578	20.826000213623047	20.741500282287596	20.579250049591064
2017-06-23	35.810001373291016	20.88300018310547	20.70550022125244	20.625750064849854
2017-06-26	36.5	20.825	20.67900009155273	20.653999996185302
2017-06-27	36.130001068115234	20.779999923706054	20.69400005340576	20.67574996948242
2017-06-28	36.11000061035156	20.76099967956543	20.718499946594235	20.69749994277954
2017-06-29	36.29999923706055	20.663999557495117	20.74499988555908	20.69974994659424
2017-06-30	36.31999969482422	20.567999649047852	20.725499916076657	20.693499946594237
2017-07-03	36.0	20.46799964904785	20.64649982452392	20.667499923706053
2017-07-05	36.59999847412109	20.297999572753906	20.53899974822998	20.641999912261962
2017-07-06	35.41999816894531	20.107999801635742	20.434499740600586	20.607499980926512
2017-07-07	34.93000030517578	19.97299995422363	20.318499755859374	20.530000019073487
2017-07-10	34.81999969482422	19.83199996948242	20.199999809265137	20.45275001525879
2017-07-11	35.400001525878906	19.802000045776367	20.13499984741211	20.40699996948242
2017-07-12	36.38999938964844	19.866000366210937	20.08199996948242	20.388000011444092
2017-07-13	36.2599983215332	19.937000274658203	20.022500038146973	20.370499992370604
2017-07-14	36.290000915527344	20.1060001373291	20.039500045776368	20.392249965667723
2017-07-17	36.58000183105469	20.245999908447267	20.038999938964842	20.382249927520753
2017-07-18	37.09999847412109	20.338999938964843	20.070499992370607	20.358499908447264
2017-07-19	36.27999877929688	20.457999801635744	20.16200008392334	20.35049991607666
2017-07-20	36.9900016784668	20.577999877929688	20.257500076293944	20.345999908447265
2017-07-21	37.20000076293945	20.612999725341798	20.35949993133545	20.338999843597414
2017-07-24	37.4900016784668	20.709999847412107	20.477999877929687	20.338999843597414
2017-07-25	37.209999084472656	20.820999908447266	20.579999923706055	20.357499885559083
2017-07-26	37.45000076293945	20.86699981689453	20.662499809265135	20.37224988937378
2017-07-27	38.27999877929688	20.901999664306643	20.739999771118164	20.38124990463257
2017-07-28	37.9900016784668	20.911999893188476	20.762499809265137	20.40099992752075
2017-07-31	37.79999923706055	20.76100006103516	20.735499954223634	20.38724994659424
2017-08-01	37.060001373291016	20.615000152587893	20.71800003051758	20.394250011444093
2017-08-02	37.5	20.381000137329103	20.623999977111815	20.393000030517577
2017-08-03	37.54999923706055	20.22300033569336	20.5625	20.410000038146972
2017-08-04	37.79999923706055	20.085000228881835	20.498500061035156	20.428999996185304
2017-08-07	38.209999084472656	20.185000228881837	20.473000144958498	20.47550001144409
2017-08-08	37.97999954223633	20.15699996948242	20.386000061035155	20.482999992370605
2017-08-09	38.09000015258789	20.17400016784668	20.27750015258789	20.469999980926513
2017-08-10	37.93999862670898	20.102000045776368	20.162500190734864	20.451249980926512
2017-08-11	38.060001373291016	20.02100028991699	20.053000259399415	20.407750034332274
2017-08-14	38.150001525878906	19.89000015258789	20.037500190734864	20.386500072479247
2017-08-15	38.18000030517578	19.8370002746582	19.99700012207031	20.357500076293945
2017-08-16	38.5	19.835000228881835	20.00450019836426	20.31425008773804
2017-08-17	38.13999938964844	19.905000305175783	20.003500175476074	20.28300008773804
2017-08-18	37.79999923706055	19.99200019836426	20.006500244140625	20.252500152587892
2017-08-21	38.33000183105469	19.98900032043457	19.93950023651123	20.206250190734863
2017-08-22	38.29999923706055	20.03200035095215	19.934500312805177	20.160250186920166
2017-08-23	38.79999923706055	20.054000473022462	19.944500350952147	20.11100025177002
2017-08-24	39.70000076293945	20.061000442504884	19.983000373840333	20.072750282287597
2017-08-25	39.97999954223633	20.091000366210938	20.041500282287597	20.047250270843506
2017-08-28	40.18999862670898	20.14900016784668	20.069000244140625	20.053250217437743
2017-08-29	40.900001525878906	20.13400001525879	20.08300018310547	20.04000015258789
2017-08-30	41.36000061035156	20.155999755859376	20.10500011444092	20.054750156402587
2017-08-31	41.150001525878906	20.20199966430664	20.131500053405766	20.067500114440918
2017-09-01	40.400001525878906	20.223999786376954	20.157500076293946	20.082000160217284
2017-09-05	40.31999969482422	20.12799987792969	20.138500022888184	20.03900012969971
2017-09-06	41.18000030517578	20.076000213623047	20.10500011444092	20.01975021362305
2017-09-07	41.18000030517578	19.983000183105467	20.069499969482422	20.007000160217284
2017-09-08	41.0	19.811000061035156	20.0064998626709	19.994750118255617
2017-09-11	41.290000915527344	19.69099998474121	19.957499885559084	19.99950008392334
2017-09-12	41.18000030517578	19.689999771118163	19.908999824523924	19.989000034332275
2017-09-13	43.25	19.63899955749512	19.857499885559083	19.970250034332274
2017-09-14	43.88999938964844	19.56699981689453	19.775	19.94000005722046
2017-09-15	43.9900016784668	19.55799980163574	19.68449993133545	19.907999992370605
2017-09-18	43.90999984741211	19.504999923706055	19.59799995422363	19.87775001525879
2017-09-19	43.650001525878906	19.667000198364256	19.67849998474121	19.908500003814698
2017-09-20	43.54999923706055	19.862000274658204	19.75049991607666	19.927750015258788
2017-09-21	43.95000076293945	20.054000091552734	19.810499954223634	19.939999961853026
2017-09-22	43.70000076293945	20.263000106811525	19.91049995422363	19.958499908447266
2017-09-25	43.68999862670898	20.345999908447265	19.92549991607666	19.94149990081787
2017-09-26	43.95000076293945	20.26999969482422	19.96849994659424	19.938749885559083
2017-09-27	42.38999938964844	20.221999740600587	20.042000007629394	19.94974994659424
2017-09-28	43.0	20.20099983215332	20.127499961853026	19.951249980926512
2017-09-29	43.119998931884766	20.165999984741212	20.21450004577637	19.949499988555907
2017-10-02	43.43000030517578	20.25800018310547	20.302000045776367	19.95
2017-10-03	44.29999923706055	20.300000381469726	20.285000038146972	19.981750011444092
2017-10-04	44.0	20.336000442504883	20.279000091552735	20.014750003814697
2017-10-05	43.7599983215332	20.399000549316405	20.300000190734863	20.055250072479247
2017-10-06	45.79999923706055	20.441000747680665	20.303500366210937	20.107000160217286
2017-10-09	44.400001525878906	20.464000701904293	20.36100044250488	20.14325017929077
2017-10-10	43.900001525878906	20.597000503540038	20.448500442504884	20.20850019454956
2017-10-11	44.68999862670898	20.75500030517578	20.545500373840333	20.293750190734862
2017-10-12	44.68999862670898	21.01599998474121	20.70750026702881	20.41750011444092
2017-10-13	43.9900016784668	21.34799995422363	20.89450035095215	20.55450019836426
2017-10-16	43.93999862670898	21.714999771118165	21.08950023651123	20.695750141143797
2017-10-17	43.560001373291016	21.90200004577637	21.249500274658203	20.76725015640259
2017-10-18	44.0	22.038999938964842	21.397000122070313	20.838000106811524
2017-10-19	43.20000076293945	22.062000274658203	21.53900012969971	20.919500160217286
2017-10-20	42.880001068115234	22.04300003051758	21.695499992370607	20.99950017929077
2017-10-23	42.91999816894531	22.00800018310547	21.861499977111816	21.11125020980835
2017-10-24	43.130001068115234	22.131000137329103	22.016500091552736	21.232500267028808
2017-10-25	42.150001525878906	22.193000411987306	22.116000175476074	21.330750274658204
2017-10-26	43.9900016784668	22.296000289916993	22.179000282287596	21.443250274658205
2017-10-27	44.2400016784668	22.45500030517578	22.24900016784668	21.571750259399415
2017-10-30	43.77999877929688	22.500000381469725	22.2540002822876	21.671750259399413
2017-10-31	43.31999969482422	22.427000427246092	22.279000282287598	21.7642502784729
2017-11-01	42.70000076293945	22.451000213623047	22.322000312805176	21.859500217437745
2017-11-02	42.70000076293945	22.41500015258789	22.35550022125244	21.947250175476075
2017-11-03	42.45000076293945	22.390000152587895	22.422500228881837	22.059000110626222
2017-11-06	41.65999984741211	22.30099983215332	22.400500106811524	22.13100004196167
2017-11-07	41.5	22.24599952697754	22.336499977111817	22.176500034332275
2017-11-08	41.93999862670898	22.164999771118165	22.307999992370604	22.21200008392334
2017-11-09	41.9900016784668	22.029999923706054	22.222500038146972	22.200750160217286
2017-11-10	41.119998931884766	21.725	22.057500076293945	22.15325012207031
2017-11-13	40.90999984741211	21.597000122070312	21.948999977111818	22.10150012969971
2017-11-14	40.790000915527344	21.401000213623046	21.823499870300292	22.051250076293947
2017-11-15	40.790000915527344	21.179999923706056	21.67249984741211	21.997250080108643
2017-11-16	41.20000076293945	21.144999694824218	21.587499809265136	21.97150001525879
2017-11-17	41.400001525878906	21.129999542236327	21.427499771118164	21.925
2017-11-20	41.400001525878906	21.122999572753905	21.35999984741211	21.880249977111816
2017-11-21	41.16999816894531	21.208999633789062	21.304999923706056	21.820749950408935
2017-11-22	40.060001373291016	21.35999984741211	21.26999988555908	21.788999938964842
2017-11-24	40.36000061035156	21.50299987792969	21.32399978637695	21.773249912261964
2017-11-27	39.65999984741211	21.663999938964842	21.396999740600585	21.727249908447266
2017-11-28	40.06999969482422	21.81699981689453	21.469999694824217	21.709499835968018
2017-11-29	39.459999084472656	21.895999908447266	21.552499771118164	21.68799982070923
2017-11-30	38.93999862670898	21.820999908447266	21.590499877929688	21.6314998626709
2017-12-01	39.91999816894531	21.597000122070312	21.55	21.56874990463257
2017-12-04	39.5099983215332	21.307000350952148	21.485500144958497	21.45649995803833
2017-12-05	39.40999984741211	21.025000381469727	21.42100009918213	21.390499973297118
2017-12-06	40.81999969482422	20.778000259399413	21.33700008392334	21.321000003814696
2017-12-07	41.13999938964844	20.697000122070314	21.25900001525879	21.264499950408936
2017-12-08	41.15999984741211	20.65999984741211	21.12849998474121	21.22624988555908
2017-12-11	40.43000030517578	20.731999588012695	21.01949996948242	21.208249855041505
2017-12-12	40.459999084472656	20.756999588012697	20.89099998474121	21.180499839782716
2017-12-13	41.5	20.798999786376953	20.788500022888183	21.170499897003175
2017-12-14	41.040000915527344	20.671999740600587	20.68449993133545	21.13749990463257
2017-12-15	41.470001220703125	20.512999725341796	20.586499786376955	21.068249893188476
2017-12-18	41.209999084472656	20.39099998474121	20.561499786376952	21.023499965667725
2017-12-19	41.560001373291016	20.243000030517578	20.499999809265137	20.960499954223632
2017-12-20	41.7599983215332	20.07099990844727	20.434999847412108	20.885999965667725
2017-12-21	41.45000076293945	20.01800003051758	20.344999885559083	20.801999950408934
2017-12-22	41.97999954223633	19.98900032043457	20.251000022888185	20.689750003814698
2017-12-26	42.59999847412109	19.87200012207031	20.131500053405762	20.575500011444092
2017-12-27	41.0099983215332	19.819000244140625	20.0310001373291	20.461000061035158
2017-12-28	41.20000076293945	19.810000228881837	19.94050006866455	20.364500045776367
2017-12-29	41.20000076293945	19.802000045776367	19.910000038146972	20.29724998474121
2018-01-02	41.400001525878906	19.891999816894533	19.94050006866455	20.26349992752075
2018-01-03	40.20000076293945	20.05	19.961000061035158	20.261249923706053
2018-01-04	40.63999938964844	20.238999938964845	20.029000091552735	20.264499950408936
2018-01-05	40.7400016784668	20.429000091552734	20.119500160217285	20.277250003814697
2018-01-08	41.16999816894531	20.595000076293946	20.198500061035155	20.27174997329712
2018-01-09	41.060001373291016	20.65	20.270999908447266	20.260999965667725
2018-01-10	40.540000915527344	20.65999984741211	20.354999923706053	20.24324998855591
2018-01-11	42.16999816894531	20.631999969482422	20.435499954223634	20.233250045776366
2018-01-12	41.790000915527344	20.508999633789063	20.4689998626709	20.204749965667723
2018-01-16	42.150001525878906	20.571999740600585	20.583499908447266	20.24674997329712
2018-01-17	42.41999816894531	20.68099975585938	20.665499877929687	20.30299997329712
2018-01-18	42.41999816894531	20.738999938964845	20.699499893188477	20.330249977111816
2018-01-19	41.08000183105469	20.797999954223634	20.714999961853028	20.37200002670288
2018-01-22	41.4900016784668	20.961000061035158	20.73499984741211	20.4272500038147
2018-01-23	41.4900016784668	21.05100021362305	20.811499977111815	20.505000019073485
2018-01-24	44.0	21.112000274658204	20.896500015258788	20.583749961853027
2018-01-25	44.0	21.213999938964843	20.976499938964842	20.665749931335448
2018-01-26	43.5	21.30099983215332	21.049499893188475	20.742499923706056
2018-01-29	43.5	21.279999923706054	21.120499992370608	20.79474992752075
2018-01-30	43.4900016784668	21.114999771118164	21.08299999237061	20.833249950408934
2018-01-31	43.54999923706055	20.99099998474121	21.05150012969971	20.858500003814697
2018-02-01	44.0	20.815000152587892	21.01450004577637	20.856999969482423
2018-02-02	44.09999847412109	20.579999923706055	20.94049987792969	20.827749919891357
2018-02-05	44.79999923706055	20.239999771118164	20.75999984741211	20.747499847412108
2018-02-06	46.22999954223633	19.98499984741211	20.549999809265138	20.680749893188477
2018-02-07	45.61000061035156	19.854999542236328	20.42299976348877	20.659749889373778
2018-02-08	44.75	19.64599952697754	20.230499839782716	20.60349988937378
2018-02-09	45.11000061035156	19.657999801635743	20.118999862670897	20.584249877929686
2018-02-14	45.88999938964844	19.997999954223634	20.118999862670897	20.61974992752075
2018-02-15	46.0	20.264999771118163	20.124999809265137	20.603999900817872
2018-02-16	44.52999877929688	20.404999923706054	20.129999732971193	20.59074993133545
2018-02-20	44.0099983215332	20.686999893188478	20.16649971008301	20.590499877929688
2018-02-21	43.27999877929688	20.771999740600585	20.214999771118165	20.577749824523927
2018-02-22	43.060001373291016	20.69499969482422	20.346499824523924	20.553249835968018
2018-02-23	43.45000076293945	20.757999801635744	20.51149978637695	20.530749797821045
2018-02-26	43.09000015258789	20.86099967956543	20.63299980163574	20.527999782562254
2018-02-27	42.400001525878906	20.879999923706055	20.783499908447265	20.50699987411499
2018-02-28	42.119998931884766	20.895000076293947	20.833499908447266	20.47624988555908
2018-03-01	42.790000915527344	20.813999938964844	20.75449981689453	20.436749839782713
2018-03-02	42.79999923706055	20.59099998474121	20.674499893188475	20.399749851226808
2018-03-05	43.97999954223633	20.329999923706055	20.595499801635743	20.362749767303466
2018-03-06	43.900001525878906	20.188999557495116	20.534499740600587	20.3504997253418
2018-03-07	44.0	20.056999588012694	20.47599983215332	20.345499801635743
2018-03-08	44.52000045776367	20.096999740600587	20.455499839782714	20.40099983215332
2018-03-09	45.400001525878906	20.20899963378906	20.399999809265136	20.455749797821046
2018-03-12	43.34999847412109	20.25099983215332	20.290499877929687	20.461749839782716
2018-03-13	42.88999938964844	20.234000015258786	20.211499786376955	20.497499847412108
2018-03-14	42.93000030517578	20.30399971008301	20.180499649047853	20.50699977874756
2018-03-15	42.63999938964844	20.344999694824217	20.220999717712402	20.487749767303466
2018-03-16	42.43999862670898	20.313999938964844	20.26149978637695	20.467999839782713
2018-03-19	42.20000076293945	20.263999938964844	20.25749988555908	20.426499843597412
2018-03-20	41.59000015258789	20.27599983215332	20.254999923706055	20.39474983215332
2018-03-21	41.81999969482422	20.233000183105467	20.26849994659424	20.37224988937378
2018-03-22	41.59999847412109	20.068000030517577	20.2064998626709	20.330999851226807
2018-03-23	41.58000183105469	19.813000106811522	20.063500022888185	20.23174991607666
2018-03-26	42.150001525878906	19.669000244140626	19.966500091552735	20.12849998474121
2018-03-27	43.2400016784668	19.43100051879883	19.853500175476075	20.032499980926513
2018-03-28	42.79999923706055	19.131000518798828	19.682000350952148	19.93125
2018-03-29	44.20000076293945	18.93600082397461	19.502000427246095	19.86150007247925
2018-04-02	45.0	18.76800079345703	19.290500450134278	19.776000118255617
2018-04-03	44.81999969482422	18.56300048828125	19.116000366210937	19.68675012588501
2018-04-04	45.45000076293945	18.360000228881837	18.89550037384033	19.575250148773193
2018-04-05	45.400001525878906	18.219000244140624	18.675000381469726	19.47175016403198
2018-04-06	45.5	18.00900001525879	18.4725004196167	19.339500141143798
2018-04-09	45.4900016784668	17.90999984741211	18.33900032043457	19.20125017166138
2018-04-10	46.25	18.0310001373291	18.297000312805174	19.131750202178956
2018-04-11	46.0	18.16500015258789	18.262500190734862	19.05800018310547
2018-04-12	45.220001220703125	18.315000152587892	18.267000198364258	18.974500274658205
2018-04-13	44.130001068115234	18.493000411987303	18.251000213623048	18.87650032043457
2018-04-16	44.04999923706055	18.683000564575195	18.296500205993652	18.793500328063963
2018-04-17	44.90999984741211	18.633000564575195	18.33200035095215	18.72400035858154
2018-04-18	45.0	18.72500076293945	18.445000457763673	18.670250415802002
2018-04-19	44.95000076293945	18.792000579833985	18.553500366210937	18.61425037384033
2018-04-20	43.75	18.92200050354004	18.707500457763672	18.590000438690186
2018-04-23	43.97999954223633	18.94600028991699	18.814500427246095	18.576750373840333
2018-04-24	43.84000015258789	18.94900016784668	18.791000366210938	18.544000339508056
2018-04-25	42.45000076293945	18.863999938964845	18.79450035095215	18.528500270843505
2018-04-26	43.79999923706055	18.82399978637695	18.80800018310547	18.537500190734864
2018-04-27	44.130001068115234	18.899999618530273	18.911000061035157	18.581000137329102
2018-04-30	44.09999847412109	18.953999710083007	18.95	18.623250102996828
2018-05-02	44.34000015258789	19.07999954223633	19.014499855041503	18.673250102996825
2018-05-03	42.630001068115234	19.187999725341797	19.02599983215332	18.735500144958497
2018-05-04	42.54999923706055	19.377000045776366	19.10049991607666	18.8270001411438
2018-05-07	41.90999984741211	19.35900001525879	19.12949981689453	18.9185001373291
2018-05-08	42.400001525878906	19.44199981689453	19.19799976348877	19.00625009536743
2018-05-09	42.810001373291016	19.506999969482422	19.293499755859376	19.042250061035155
2018-05-10	42.77999877929688	19.50299987792969	19.345499801635743	19.070000076293944
2018-05-11	42.720001220703125	19.44199981689453	19.40949993133545	19.10875005722046
2018-05-14	42.0	19.481999969482423	19.420499992370605	19.16575002670288
2018-05-15	42.150001525878906	19.463000106811524	19.45249996185303	19.201249980926512
2018-05-16	42.5	19.34300003051758	19.425	19.219749927520752
2018-05-17	41.90999984741211	19.304000091552737	19.40349998474121	19.214749908447267
2018-05-18	41.290000915527344	19.206000137329106	19.323999977111818	19.212249946594238
2018-05-21	41.15999984741211	19.05100021362305	19.266500091552736	19.197999954223633
2018-05-22	41.400001525878906	18.979000091552738	19.221000099182127	19.20949993133545
2018-05-23	40.83000183105469	18.921000289916993	19.132000160217284	19.21274995803833
2018-05-24	41.84999847412109	18.784000396728516	19.044000244140626	19.194750022888183
2018-05-25	41.70000076293945	18.594000244140624	18.900000190734865	19.154750061035156
2018-05-29	40.400001525878906	18.30900001525879	18.68000011444092	19.05025005340576
2018-05-30	41.4900016784668	18.09800033569336	18.538500213623045	18.995500087738037
2018-06-01	41.5	17.960000228881835	18.440500259399414	18.932750129699706
2018-06-04	41.09999847412109	17.915999984741212	18.350000190734864	18.87675008773804
2018-06-05	40.560001373291016	17.970999908447265	18.282500076293946	18.80325002670288
2018-06-06	41.20000076293945	18.20099983215332	18.254999923706055	18.760750007629394
2018-06-07	41.52999877929688	18.32999954223633	18.213999938964843	18.717500019073487
2018-06-08	41.400001525878906	18.381999588012697	18.170999908447264	18.651500034332276
2018-06-11	41.29999923706055	18.49499969482422	18.205499839782714	18.62475004196167
2018-06-12	41.06999969482422	18.55399971008301	18.262499809265137	18.58125
2018-06-13	41.209999084472656	18.612999725341798	18.406999778747558	18.54349994659424
2018-06-14	41.81999969482422	18.696999740600585	18.513499641418456	18.52599992752075
2018-06-15	41.68000030517578	18.799999618530272	18.590999603271484	18.51574993133545
2018-06-18	41.7400016784668	18.821999740600585	18.658499717712402	18.50424995422363
2018-06-19	42.470001220703125	18.772999954223632	18.66349983215332	18.47299995422363
2018-06-20	42.59999847412109	18.729000091552734	18.670999908447264	18.46299991607666
2018-06-21	41.08000183105469	18.8060001373291	18.751499938964844	18.482749938964844
2018-06-22	41.36000061035156	18.87300033569336	18.836499977111817	18.503749942779542
2018-06-25	41.79999923706055	18.813000106811522	18.817499923706055	18.511499881744385
2018-06-26	41.400001525878906	18.788000106811523	18.78050003051758	18.521499919891358
2018-06-27	41.310001373291016	18.628000259399414	18.678500175476074	18.542749977111818
2018-06-28	41.36000061035156	18.32100028991699	18.563500213623048	18.538499927520753
2018-06-29	42.18999862670898	18.05500030517578	18.46400032043457	18.527499961853028
2018-07-02	41.29999923706055	17.978000259399415	18.39550018310547	18.526999950408936
2018-07-03	41.34999847412109	18.004999923706055	18.396500015258788	18.529999923706054
2018-07-05	41.29999923706055	18.148999786376955	18.388500022888184	18.529749965667726
2018-07-06	40.040000915527344	18.356999969482423	18.339000129699706	18.545250034332277
2018-07-10	41.20000076293945	18.74199981689453	18.398500061035158	18.617500019073486
2018-07-11	41.0	19.165999984741212	18.572000122070314	18.694750022888183
2018-07-12	40.900001525878906	19.69900016784668	18.852000045776368	18.816250038146972
2018-07-13	40.72999954223633	20.268000030517577	19.208499908447266	18.94350004196167
2018-07-16	40.900001525878906	20.797999954223634	19.57749996185303	19.070500087738036
2018-07-17	41.650001525878906	21.136000061035155	19.938999938964844	19.201500129699706
2018-07-18	40.70000076293945	21.358000183105467	20.26200008392334	19.328750133514404
2018-07-19	40.52999877929688	21.43300018310547	20.566000175476074	19.481250095367432
2018-07-20	40.63999938964844	21.52100028991699	20.894500160217284	19.641500091552736
2018-07-23	39.79999923706055	21.51400032043457	21.1560001373291	19.747500133514404
2018-07-24	40.20000076293945	21.550000381469726	21.343000221252442	19.870750141143798
2018-07-25	39.84999847412109	21.616000366210937	21.487000274658204	20.029500198364257
2018-07-26	38.79999923706055	21.52100028991699	21.47700023651123	20.164500141143797
2018-07-27	38.95000076293945	21.32400016784668	21.422500228881837	20.31550006866455
2018-07-30	37.93000030517578	21.15699996948242	21.335500144958495	20.45650005340576
2018-07-31	37.58000183105469	21.014999771118163	21.282500076293946	20.610750007629395
2018-08-01	38.25	20.86399955749512	21.239999961853027	20.751000022888185
2018-08-02	38.22999954223633	20.837999725341795	21.179500007629393	20.872750091552735
2018-08-03	37.970001220703125	20.838999938964843	21.08150005340576	20.988000106811523
2018-08-06	38.93000030517578	21.193000030517577	21.175	21.16550006866455
2018-08-07	37.72999954223633	21.481999969482423	21.248499870300293	21.295750045776366
2018-08-08	37.400001525878906	21.993000030517575	21.42849979400635	21.457750034332275
2018-08-09	37.68000030517578	22.514999771118163	21.67649974822998	21.576749992370605
2018-08-10	36.90999984741211	22.862999725341794	21.85099983215332	21.63675003051758
2018-08-13	37.58000183105469	22.971999740600587	22.08249988555908	21.709000015258788
2018-08-14	37.709999084472656	23.152999877929688	22.317499923706055	21.8
2018-08-15	37.41999816894531	22.980999755859376	22.486999893188475	21.863499927520753
2018-08-16	36.90999984741211	22.83499984741211	22.674999809265138	21.927249908447266
2018-08-17	36.41999816894531	22.85399971008301	22.8584997177124	21.969999885559083
2018-08-20	36.380001068115234	22.801999664306642	22.886999702453615	22.030999851226806
2018-08-21	36.18999862670898	22.605999755859376	22.87949981689453	22.06399984359741
2018-08-22	36.09999847412109	22.556999969482426	22.7689998626709	22.098749828338622
2018-08-23	36.400001525878906	22.41800003051758	22.626499938964844	22.151499843597414
2018-08-24	37.06999969482422	22.39099998474121	22.622499847412108	22.236749839782714
2018-08-27	36.43999862670898	22.46599998474121	22.633999824523926	22.358249855041503
2018-08-28	36.209999084472656	22.618999862670897	22.612499809265138	22.464999866485595
2018-08-29	36.4900016784668	22.69299964904785	22.624999809265137	22.555999851226808
2018-08-30	36.45000076293945	22.831999588012696	22.624999809265137	22.649999809265136
2018-08-31	36.59999847412109	22.932999801635745	22.661999893188476	22.76024980545044
2018-09-04	36.70000076293945	22.862999725341798	22.664499855041505	22.77574977874756
2018-09-05	36.65999984741211	22.63899955749512	22.628999710083008	22.75424976348877
2018-09-06	38.18999862670898	22.54799957275391	22.62049961090088	22.69474973678589
2018-09-10	38.52000045776367	22.44199981689453	22.636999702453615	22.63174982070923
2018-09-11	37.790000915527344	22.36999969482422	22.65149974822998	22.636999797821048
2018-09-12	37.72999954223633	22.552999877929686	22.707999801635744	22.67099981307984
2018-09-13	37.09000015258789	23.079999923706055	22.859499740600587	22.735999774932864
2018-09-14	37.5	23.52400016784668	23.035999870300294	22.830499839782718
2018-09-17	37.66999816894531	23.972000122070312	23.20699996948242	22.91599988937378
2018-09-18	36.84999847412109	24.260000228881836	23.314999961853026	22.988499927520753
2018-09-19	36.400001525878906	24.404000091552735	23.478499984741212	23.07149991989136
2018-09-20	36.61000061035156	24.40900001525879	23.744499969482423	23.186749839782717
2018-09-21	36.0099983215332	24.420999908447264	23.972500038146972	23.296499824523927
2018-09-24	35.47999954223633	24.420999908447264	24.19650001525879	23.4167498588562
2018-09-25	35.599998474121094	24.397999954223632	24.329000091552736	23.490249919891358
2018-09-26	37.0	24.397000122070313	24.400500106811524	23.554249954223632
2018-09-27	37.84999847412109	24.34900016784668	24.379000091552733	23.61924991607666
2018-09-28	36.29999923706055	24.41500015258789	24.41800003051758	23.726999950408935
2018-10-01	36.400001525878906	24.565000152587892	24.493000030517578	23.85
2018-10-02	37.27000045776367	24.647000122070313	24.522500038146973	23.91875
2018-10-03	38.0	24.645999908447266	24.521500015258788	24.0
2018-10-04	37.68000030517578	24.610000228881837	24.479500198364256	24.11200008392334
2018-10-05	37.43000030517578	24.432000350952148	24.42350025177002	24.198000144958492
2018-10-08	38.43000030517578	24.210000228881835	24.387500190734862	24.292000102996823
2018-10-09	37.11000061035156	24.028000259399413	24.337500190734865	24.333250141143797
2018-10-10	37.0	23.471000289916994	24.05850009918213	24.229500102996823
2018-10-11	36.84000015258789	22.878000259399414	23.744000244140626	24.061500167846678
2018-10-15	36.380001068115234	22.279000091552735	23.35550022125244	23.88675012588501
2018-10-16	36.400001525878906	21.93300018310547	23.07150020599365	23.782250118255615
2018-10-17	36.400001525878906	21.55800018310547	22.79300022125244	23.657750129699707
2018-10-18	36.43000030517578	21.435000228881837	22.453000259399413	23.4872501373291
2018-10-19	36.0	21.4	22.139000129699706	23.309250164031983
2018-10-22	36.29999923706055	21.347000122070312	21.813000106811522	23.118250179290772
2018-10-23	36.27999877929688	20.96500015258789	21.44900016784668	22.91825017929077
2018-10-24	35.4900016784668	20.545000076293945	21.051500129699708	22.694500160217284
2018-10-25	36.18000030517578	20.361000061035156	20.898000144958495	22.478250122070314
2018-10-26	36.060001373291016	20.07100028991699	20.735500144958497	22.23975019454956
2018-10-29	35.79999923706055	19.626000213623048	20.48650016784668	21.92100019454956
2018-10-30	38.88999938964844	19.36500015258789	20.16500015258789	21.618250179290772
2018-10-31	39.0	19.368000030517578	19.95650005340576	21.3747501373291
2018-11-01	40.33000183105469	19.197000122070314	19.779000091552735	21.116000175476074
2018-11-05	40.56999969482422	19.286999893188476	19.679000091552734	20.909000110626224
2018-11-06	40.63999938964844	19.40200004577637	19.514000129699706	20.66350011825562
2018-11-07	40.18999862670898	19.456000137329102	19.410500144958498	20.42975015640259
2018-11-08	40.47999954223633	19.368000411987303	19.36800022125244	20.209750175476078
2018-11-09	40.38999938964844	19.328000259399413	19.262500190734862	20.080250167846682
2018-11-12	40.56999969482422	19.10000038146973	19.193500137329103	19.9645001411438
2018-11-13	41.29999923706055	19.23600006103516	19.319000053405762	19.902750110626222
2018-11-14	41.38999938964844	19.47099990844727	19.463500022888184	19.81425008773804
2018-11-16	42.52000045776367	19.545999908447268	19.457000160217284	19.706750106811526
2018-11-19	41.9900016784668	19.743999862670897	19.536000061035157	19.65750007629395
2018-11-21	41.93999862670898	19.921999740600587	19.511000061035155	19.595000076293946
2018-11-23	41.63999938964844	19.82599983215332	19.530999946594243	19.522500038146973
2018-11-26	41.52000045776367	19.68599967956543	19.57849979400635	19.494499969482426
2018-11-27	42.34999847412109	19.814999389648438	19.680499649047853	19.52424993515015
2018-11-28	43.5	19.931999588012694	19.837999725341795	19.550249958038332
2018-11-29	43.709999084472656	20.16199951171875	20.04199962615967	19.617749881744388
2018-11-30	43.2599983215332	20.52099952697754	20.17349967956543	19.7462498664856
2018-12-03	42.459999084472656	20.780999755859376	20.2334997177124	19.848499870300294
2018-12-04	42.220001220703125	20.871999740600586	20.34349956512451	19.900249862670897
2018-12-06	42.95000076293945	20.838999557495118	20.385499572753908	19.96074981689453
2018-12-07	42.59000015258789	20.60399971008301	20.382999610900878	19.94699983596802
2018-12-10	41.470001220703125	20.20099983215332	20.36099967956543	19.945999813079833
2018-12-11	42.09999847412109	19.906999588012695	20.343999671936036	19.96124973297119
2018-12-12	42.400001525878906	19.769999694824218	20.320999717712404	20.00074968338013
2018-12-13	42.06999969482422	19.689999771118163	20.26449966430664	20.051249694824218
2018-12-14	42.400001525878906	19.47299995422363	20.03849983215332	20.040249729156493
2018-12-17	42.0	19.354999923706053	19.777999877929688	19.97574977874756
2018-12-18	42.0	19.070000076293944	19.48849983215332	19.86099977493286
2018-12-19	41.04999923706055	18.585000228881835	19.177499961853027	19.76049976348877
2018-12-20	40.5099983215332	18.01500015258789	18.852499961853027	19.618999767303468
2018-12-21	40.400001525878906	17.6060001373291	18.539500045776368	19.461249828338623
2018-12-26	40.84000015258789	17.11700019836426	18.236000061035156	19.298499870300294
2018-12-27	40.540000915527344	16.716000366210938	17.893000221252443	19.118499946594238
2018-12-28	41.290000915527344	16.478000259399415	17.531500244140624	18.926249980926514
2019-01-02	41.90999984741211	16.325000381469728	17.170000267028808	18.717249965667726
2019-01-03	41.400001525878906	16.222000122070312	16.91400012969971	18.476249980926514
2019-01-04	41.09000015258789	16.422999954223634	16.770000076293947	18.273999977111817
2019-01-07	41.20000076293945	16.587999725341795	16.65200004577637	18.070249938964842
2019-01-08	40.29999923706055	16.915999603271484	16.696999931335448	17.93724994659424
2019-01-09	40.720001220703125	17.240999603271483	16.782999992370605	17.817749977111816
2019-01-10	40.0	17.56999969482422	16.895999908447266	17.717749977111815
2019-01-11	40.45000076293945	17.706999588012696	17.064999771118163	17.65049991607666
2019-01-14	40.09999847412109	17.799999618530272	17.193999671936034	17.54349994659424
2019-01-15	40.36000061035156	17.724999618530273	17.320499610900878	17.425999927520753
2019-01-16	40.060001373291016	17.672999572753906	17.456999588012696	17.313499927520752
2019-01-17	40.09000015258789	17.696999740600585	17.633499717712404	17.273749923706056
2019-01-18	40.45000076293945	17.790999984741212	17.748999786376952	17.259499931335448
2019-01-22	40.0	17.845000076293946	17.82249984741211	17.23724994659424
2019-01-23	40.79999923706055	17.97400016784668	17.849499893188476	17.273249912261964
2019-01-24	41.4900016784668	18.100000381469727	17.886499977111818	17.33474998474121
2019-01-28	41.900001525878906	18.19900016784668	17.947999954223633	17.42199993133545
2019-01-29	41.20000076293945	18.302000045776367	18.04650001525879	17.555749893188477
2019-01-30	41.5	18.61699981689453	18.23099994659424	17.712499809265136
2019-01-31	41.59999847412109	18.88499984741211	18.429500007629393	17.874999809265137
2019-02-01	42.59000015258789	19.048999786376953	18.57450008392334	18.015749835968016
2019-02-04	42.79999923706055	19.22899971008301	18.713999938964843	18.17374982833862
2019-02-05	42.790000915527344	19.434999847412108	18.868499946594238	18.308749866485595
2019-02-06	40.4900016784668	19.818000030517577	19.217499923706054	18.51999988555908
2019-02-07	41.959999084472656	20.37799987792969	19.6314998626709	18.740499877929686
2019-02-08	41.720001220703125	21.052999877929686	20.05099983215332	18.968749904632567
2019-02-11	42.0099983215332	21.75299987792969	20.49099979400635	19.21949987411499
2019-02-12	41.880001068115234	22.481999969482423	20.958499908447266	19.502499961853026
2019-02-13	42.18999862670898	23.09099998474121	21.454500007629395	19.842749977111815
2019-02-14	42.29999923706055	23.444000244140625	21.911000061035157	20.170250034332277
2019-02-15	42.369998931884766	23.660000228881835	22.35650005340576	20.46550006866455
2019-02-19	43.220001220703125	23.668000411987304	22.710500144958495	20.71225004196167
2019-02-20	43.290000915527344	23.667000198364256	23.07450008392334	20.97150001525879
2019-02-21	42.93999862670898	23.397000122070313	23.244000053405763	21.230749988555907
2019-02-22	43.43999862670898	23.220000076293946	23.332000160217284	21.481750011444092
2019-02-25	43.27000045776367	23.143000030517577	23.401500129699706	21.726249980926514
2019-02-26	43.47999954223633	23.273999786376955	23.471000099182127	21.98099994659424
2019-02-27	43.560001373291016	23.246999740600586	23.45699996948242	22.207749938964845
2019-02-28	43.130001068115234	23.298999786376953	23.34799995422363	22.401249980926515
2019-03-01	42.47999954223633	23.331999588012692	23.27599983215332	22.59349994659424
2019-03-06	42.2400016784668	23.339999389648433	23.24149971008301	22.798999881744386
2019-03-07	42.58000183105469	23.30299949645996	23.288499641418458	22.999499893188478
2019-03-08	42.72999954223633	23.293999481201173	23.270499610900877	23.17249984741211
2019-03-11	43.29999923706055	23.439999389648438	23.369499588012694	23.30674982070923
2019-03-12	42.459999084472656	23.516999435424804	23.42449951171875	23.378249835968017
2019-03-13	43.22999954223633	23.691999435424805	23.515999412536623	23.458749771118164
2019-03-14	43.13999938964844	23.891999435424808	23.597499465942384	23.534249782562256
2019-03-15	44.97999954223633	24.14399948120117	23.718999481201173	23.587999725341795
2019-03-18	44.4900016784668	24.290999603271484	23.86549949645996	23.606749725341796
2019-03-19	44.18999862670898	24.442999649047852	23.979999542236328	23.627999687194823
2019-03-20	43.9900016784668	24.498999786376952	24.09549961090088	23.668499660491943
2019-03-21	44.38999938964844	24.604999923706053	24.24849967956543	23.768499660491944
2019-03-22	43.75	24.670999908447264	24.407499694824217	23.838999652862547
2019-03-25	42.68000030517578	24.614999771118164	24.452999687194826	23.91124963760376
2019-03-26	43.59999847412109	24.50199966430664	24.472499656677247	23.948499584197997
2019-03-27	42.790000915527344	24.37099952697754	24.434999656677245	23.975499534606932
2019-03-28	43.75	24.199999618530274	24.402499771118165	23.999999618530275
2019-03-29	44.0	24.10999984741211	24.390499877929688	24.05474967956543
2019-04-01	43.959999084472656	24.15699996948242	24.385999870300292	24.12574968338013
2019-04-02	44.20000076293945	24.197999954223633	24.349999809265135	24.16499967575073
2019-04-03	43.27999877929688	24.311000061035156	24.340999794006347	24.218249702453612
2019-04-04	43.900001525878906	24.445000076293944	24.32249984741211	24.28549976348877
2019-04-05	44.5	24.498999786376952	24.30449981689453	24.355999755859376
2019-04-08	45.13999938964844	24.463999938964843	24.310499954223634	24.381749820709228
2019-04-09	43.09999847412109	24.45800018310547	24.32800006866455	24.400249862670897
2019-04-10	42.9900016784668	24.513000106811525	24.41200008392334	24.423499870300294
2019-04-11	42.97999954223633	24.48499984741211	24.464999961853028	24.433749866485595
2019-04-12	41.58000183105469	24.74099998474121	24.619999885559082	24.505249881744383
2019-04-15	41.0099983215332	25.11599998474121	24.789999961853027	24.58799991607666
2019-04-16	41.13999938964844	25.63299980163574	25.045499992370605	24.697749900817872
2019-04-17	40.66999816894531	25.929999923706056	25.22150001525879	24.781249904632567
2019-04-18	41.29999923706055	26.229999923706053	25.357499885559083	24.839999866485595
2019-04-22	41.380001068115234	26.179999923706056	25.460499954223632	24.88249988555908
2019-04-23	41.38999938964844	26.074999618530274	25.595499801635743	24.952999877929688
2019-04-24	41.900001525878906	25.867999649047853	25.750499725341797	25.039249897003174
2019-04-25	41.720001220703125	25.820999526977538	25.875499725341797	25.143749904632568
2019-04-26	41.63999938964844	25.82999954223633	26.02999973297119	25.247499847412108
2019-04-29	41.5099983215332	26.032999420166014	26.106499671936035	25.36324977874756
2019-04-30	41.70000076293945	26.190999603271486	26.132999610900878	25.461499786376955
2019-05-02	41.310001373291016	26.36599960327149	26.116999626159668	25.581249809265138
2019-05-03	41.09000015258789	26.768999862670903	26.29499969482422	25.758249855041505
2019-05-06	41.060001373291016	27.070999908447266	26.450499725341796	25.90399980545044
2019-05-07	40.95000076293945	26.87799987792969	26.45549964904785	25.957999801635744
2019-05-08	41.09999847412109	26.764999771118163	26.477999687194824	26.036749744415282
2019-05-09	40.79999923706055	26.703999710083007	26.534999656677247	26.14274969100952
2019-05-10	41.38999938964844	26.030999755859376	26.399999809265136	26.137749767303468
2019-05-13	40.5	25.16699981689453	26.118999862670897	26.074499797821044
2019-05-14	40.720001220703125	24.7	25.788999938964842	25.94774980545044
2019-05-15	41.09999847412109	24.24000015258789	25.50249996185303	25.817749786376954
2019-05-16	40.900001525878906	23.631000137329103	25.167499923706053	25.64224977493286
2019-05-17	41.04999923706055	23.375	24.702999877929688	25.498999786376952
2019-05-20	40.84999847412109	23.570999908447266	24.368999862670897	25.40974979400635
2019-05-21	41.29999923706055	23.78400001525879	24.242000007629393	25.348749828338622
2019-05-22	41.59999847412109	23.748999786376952	23.994499969482423	25.23624982833862
2019-05-23	40.959999084472656	23.613999938964845	23.622500038146974	25.07874984741211
2019-05-24	41.47999954223633	23.7	23.5375	24.968749904632567
2019-05-28	41.880001068115234	23.636000061035155	23.603499984741212	24.861249923706055
2019-05-29	42.0	23.504999923706055	23.64449996948242	24.716749954223634
2019-05-30	42.70000076293945	23.533000183105468	23.64099998474121	24.57174997329712
2019-05-31	42.7599983215332	23.64800033569336	23.631000137329103	24.399250030517578
2019-06-03	42.060001373291016	23.323000335693358	23.51150016784668	24.107250022888184
2019-06-04	43.20000076293945	22.959000396728516	23.297500228881837	23.833250045776367
2019-06-05	42.650001525878906	22.655000305175783	23.080000114440917	23.661000061035157
2019-06-06	42.09999847412109	22.494000244140626	23.013500213623047	23.504000091552733
2019-06-07	41.959999084472656	22.488000106811523	23.06800022125244	23.345250129699707
2019-06-10	43.29999923706055	22.7689998626709	23.04600009918213	23.291750049591066
2019-06-11	43.29999923706055	22.992999649047853	22.976000022888183	23.289750003814696
2019-06-12	43.619998931884766	23.124999618530275	22.88999996185303	23.267249965667723
2019-06-13	43.75	23.164999389648436	22.829499816894533	23.23524990081787
2019-06-14	43.869998931884766	23.17799949645996	22.832999801635744	23.231999969482423
2019-06-17	42.61000061035156	23.190999603271486	22.97999973297119	23.245749950408936
2019-06-18	41.90999984741211	23.28599967956543	23.13949966430664	23.21849994659424
2019-06-19	42.0	23.469999694824217	23.297499656677246	23.188749885559083
2019-06-21	42.0	23.607999801635742	23.38649959564209	23.19999990463257
2019-06-24	43.220001220703125	23.755999755859374	23.46699962615967	23.267499923706055
2019-06-25	42.880001068115234	23.836999893188477	23.51399974822998	23.279999923706054
2019-06-26	43.09000015258789	23.797000122070312	23.541499900817872	23.258749961853027
2019-06-27	42.9900016784668	23.835000228881835	23.652499961853028	23.271249961853027
2019-06-28	42.25	23.87300033569336	23.740500068664552	23.284999942779542
2019-07-01	41.59999847412109	23.948000335693358	23.852000045776368	23.342499923706054
2019-07-02	42.720001220703125	24.0560001373291	23.94650001525879	23.463249874114993
2019-07-03	44.0	24.20099983215332	23.998999977111815	23.56924982070923
2019-07-05	43.650001525878906	24.26799964904785	24.051499938964845	23.67449979782105
2019-07-08	44.33000183105469	24.26899948120117	24.070999908447266	23.728749752044678
2019-07-10	45.900001525878906	24.171999359130858	24.059999847412108	23.76349973678589
2019-07-11	45.060001373291016	24.090999603271484	24.073499870300292	23.793749809265137
2019-07-12	44.83000183105469	24.123999786376952	24.162499809265135	23.851999855041505
2019-07-15	45.7400016784668	24.161000061035157	24.214499855041502	23.933499908447267
2019-07-16	46.16999816894531	24.15900001525879	24.21399974822998	23.977249908447266
2019-07-17	46.650001525878906	24.06599998474121	24.118999671936034	23.9854998588562
2019-07-18	45.7400016784668	23.863999938964845	23.977499771118165	23.961999893188477
2019-07-19	45.369998931884766	23.681999969482423	23.902999877929688	23.95099992752075
2019-07-22	45.27999877929688	23.723999786376954	23.942499923706055	23.99699993133545
2019-07-23	46.38999938964844	24.05799980163574	24.108499908447264	24.089749908447267
2019-07-24	45.400001525878906	24.618000030517578	24.342000007629395	24.20099992752075
2019-07-25	44.959999084472656	25.154000091552735	24.50900001525879	24.29124994277954
2019-07-26	44.70000076293945	25.854000091552734	24.768000030517577	24.465249919891356
2019-07-29	44.27000045776367	26.24200019836426	24.982999992370605	24.598749923706055
2019-07-30	44.20000076293945	26.340000534057616	25.19900016784668	24.70649995803833
2019-07-31	45.0	26.26400032043457	25.441000175476074	24.779999923706054
2019-08-01	45.0099983215332	26.262000274658202	25.70800018310547	24.842749977111815
2019-08-02	45.59000015258789	25.986000061035156	25.920000076293945	24.911499977111816
2019-08-05	44.0099983215332	25.5939998626709	25.91800003051758	24.930249977111817
2019-08-06	44.59000015258789	25.28599967956543	25.813000106811522	24.960750007629393
2019-08-07	45.2400016784668	25.245999908447267	25.755000114440918	25.048500061035156
2019-08-08	45.59999847412109	24.957999801635744	25.61000003814697	25.05950002670288
2019-08-09	44.83000183105469	24.552000045776367	25.26900005340576	25.01850004196167
2019-08-12	44.9900016784668	24.252000045776366	24.922999954223634	24.952999973297118
2019-08-13	44.18000030517578	24.03400001525879	24.65999984741211	24.929500007629393
2019-08-14	43.20000076293945	23.473999786376954	24.35999984741211	24.90050001144409
2019-08-15	43.29999923706055	23.297999954223634	24.12799987792969	24.91800003051758
2019-08-16	43.5	23.273999786376955	23.91299991607666	24.9164999961853
2019-08-19	43.09999847412109	23.311999893188478	23.78199996948242	24.85
2019-08-20	44.72999954223633	23.223999786376954	23.62899990081787	24.721000003814698
2019-08-21	45.18000030517578	23.161999893188476	23.317999839782715	24.53649997711182
2019-08-22	45.09999847412109	22.871999740600586	23.08499984741211	24.347499942779542
2019-08-23	44.77999877929688	22.45199966430664	22.862999725341798	24.065999889373778
2019-08-26	43.5	22.111999893188475	22.711999893188477	23.817499923706055
2019-08-27	43.0	21.892000198364258	22.557999992370604	23.608999919891357
2019-08-28	44.400001525878906	21.794000244140626	22.47800006866455	23.41899995803833
2019-08-29	44.20000076293945	21.854000091552734	22.36299991607666	23.245499897003175
2019-08-30	45.970001220703125	22.12400016784668	22.28799991607666	23.10049991607666
2019-09-03	45.54999923706055	22.22400016784668	22.16800003051758	22.975
2019-09-04	46.18999862670898	22.30800018310547	22.100000190734864	22.86450004577637
2019-09-05	46.68999862670898	22.34000015258789	22.06700019836426	22.69250001907349
2019-09-06	46.22999954223633	22.17600021362305	22.01500015258789	22.550000000000004
2019-09-09	44.9900016784668	21.952000427246094	22.038000297546386	22.450500011444095
2019-09-10	44.650001525878906	21.852000427246093	22.038000297546386	22.375000095367433
2019-09-11	44.459999084472656	21.73200035095215	22.02000026702881	22.28900012969971
2019-09-12	44.31999969482422	21.632000350952147	21.98600025177002	22.23200016021729
2019-09-13	43.2599983215332	21.73600044250488	21.956000328063965	22.159500122070316
2019-09-16	43.79999923706055	21.778000259399413	21.865000343322755	22.07650012969971
2019-09-17	43.91999816894531	21.697999954223633	21.775000190734865	21.97150011062622
2019-09-18	43.959999084472656	21.561999893188478	21.647000122070313	21.87350015640259
2019-09-19	44.40999984741211	21.505999755859378	21.569000053405762	21.81800012588501
2019-09-20	44.7400016784668	21.345999908447265	21.541000175476075	21.778000164031983
2019-09-23	44.40999984741211	21.268000030517577	21.523000144958495	21.780500221252442
2019-09-24	43.84999847412109	21.118000030517578	21.407999992370605	21.723000144958498
2019-09-25	43.5099983215332	21.02599983215332	21.293999862670898	21.657000064849854
2019-09-26	44.41999816894531	20.79199981689453	21.148999786376955	21.567500019073485
2019-09-27	44.79999923706055	20.431999588012694	20.88899974822998	21.42250003814697
2019-09-30	44.720001220703125	20.075999450683593	20.671999740600587	21.26850004196167
2019-10-01	44.54999923706055	19.891999435424804	20.504999732971193	21.13999996185303
2019-10-02	43.43999862670898	19.59599952697754	20.310999679565434	20.978999900817872
2019-10-03	43.75	19.42799949645996	20.10999965667725	20.839499855041502
2019-10-04	44.0	19.423999404907228	19.927999496459964	20.734499835968016
2019-10-07	43.970001220703125	19.385999298095705	19.73099937438965	20.62699975967407
2019-10-08	43.7599983215332	19.275999450683592	19.583999443054203	20.4959997177124
2019-10-09	44.09999847412109	19.333999633789062	19.464999580383303	20.3794997215271
2019-10-10	44.900001525878906	19.35399971008301	19.39099960327149	20.269999694824218
2019-10-11	45.119998931884766	19.35999984741211	19.391999626159667	20.140499687194826
2019-10-14	45.04999923706055	19.37599983215332	19.38099956512451	20.026499652862547
2019-10-15	45.09999847412109	19.53199996948242	19.403999710083006	19.9544997215271
2019-10-16	45.34999847412109	19.552000045776367	19.442999839782715	19.87699975967407
2019-10-17	45.40999984741211	19.612000274658204	19.482999992370605	19.796499824523927
2019-10-18	46.79999923706055	19.660000228881835	19.510000038146973	19.718999767303465
2019-10-21	45.970001220703125	19.742000579833984	19.55900020599365	19.64499979019165
2019-10-22	45.09999847412109	19.722000503540038	19.62700023651123	19.605499839782716
2019-10-23	45.0	19.69400024414063	19.623000144958496	19.543999862670898
2019-10-24	45.150001525878906	19.47000007629395	19.541000175476075	19.46599988937378
2019-10-25	44.220001220703125	19.270000076293947	19.46500015258789	19.42849988937378
2019-10-28	44.36000061035156	18.965999984741213	19.354000282287597	19.367499923706056
2019-10-29	44.54999923706055	18.777999877929688	19.250000190734863	19.326999950408936
2019-10-30	44.54999923706055	18.638000106811525	19.166000175476075	19.304500007629393
2019-10-31	44.5	18.695999908447266	19.082999992370606	19.282999992370605
2019-11-01	44.2599983215332	18.841999816894532	19.055999946594238	19.282999992370605
2019-11-04	45.20000076293945	19.063999557495116	19.014999771118163	19.28699998855591
2019-11-05	44.70000076293945	19.203999710083007	18.99099979400635	19.30900001525879
2019-11-06	45.29999923706055	19.32799949645996	18.982999801635742	19.30299997329712
2019-11-07	44.7599983215332	19.41999969482422	19.05799980163574	19.299499988555908
2019-11-08	45.0	19.523999786376955	19.18299980163574	19.323999977111818
2019-11-11	45.2599983215332	19.561999893188478	19.312999725341797	19.3335000038147
2019-11-12	44.93000030517578	19.545999908447264	19.374999809265137	19.3125
2019-11-13	44.86000061035156	19.641999816894533	19.484999656677246	19.32549991607666
2019-11-14	45.84000015258789	19.66999969482422	19.54499969482422	19.31399984359741
2019-11-18	46.79999923706055	19.65199966430664	19.587999725341795	19.32199983596802
2019-11-19	45.65999984741211	19.617999649047853	19.589999771118165	19.302499771118164
2019-11-21	45.650001525878906	19.53599967956543	19.540999794006346	19.265999794006348
2019-11-22	45.5	19.38599967956543	19.51399974822998	19.24849977493286
2019-11-25	45.400001525878906	19.391999816894533	19.530999755859376	19.294499778747557
2019-11-26	44.380001068115234	19.271999740600585	19.461999702453614	19.322499752044678
2019-11-27	45.650001525878906	19.27599983215332	19.446999740600585	19.379999732971193
2019-11-29	46.29999923706055	19.32999954223633	19.43299961090088	19.403999710083006
2019-12-02	46.0	19.32999954223633	19.35799961090088	19.42149963378906
2019-12-03	46.9900016784668	19.199999618530274	19.2959997177124	19.42049970626831
2019-12-04	47.5	19.247999954223634	19.25999984741211	19.423999786376953
2019-12-05	46.61000061035156	19.254000091552733	19.26499996185303	19.427499866485597
2019-12-06	47.0	19.33200035095215	19.33099994659424	19.435999870300293
2019-12-09	47.470001220703125	19.48600044250488	19.407999992370605	19.46099987030029
2019-12-10	47.22999954223633	19.634000396728517	19.417000007629394	19.473999881744383
2019-12-11	47.4900016784668	19.704000091552736	19.476000022888183	19.4689998626709
2019-12-12	46.68999862670898	19.793999862670898	19.523999977111817	19.4854998588562
2019-12-13	47.5	19.8439998626709	19.588000106811524	19.5104998588562
2019-12-16	47.33000183105469	19.957999801635744	19.722000122070312	19.539999866485594
2019-12-17	47.38999938964844	20.149999618530273	19.892000007629395	19.5939998626709
2019-12-18	47.72999954223633	20.399999618530273	20.051999855041505	19.655999851226806
2019-12-19	47.84999847412109	20.705999755859374	20.24999980926514	19.75749988555908
2019-12-20	48.84999847412109	20.993999481201172	20.41899967193604	19.874999809265137
2019-12-23	49.0	21.129999542236327	20.54399967193604	19.97599983215332
2019-12-26	49.88999938964844	21.283999633789062	20.71699962615967	20.06699981689453
2019-12-27	49.33000183105469	21.407999801635743	20.90399971008301	20.189999866485596
2019-12-30	49.040000915527344	21.40999984741211	21.057999801635745	20.29099988937378
2020-01-02	48.2400016784668	21.53199996948242	21.2629997253418	20.42549991607666
2020-01-03	48.79999923706055	21.654000091552735	21.391999816894533	20.556999969482423
2020-01-06	48.33000183105469	21.604000091552734	21.4439998626709	20.667999935150146
2020-01-07	49.400001525878906	21.52400016784668	21.46599998474121	20.75899991989136
2020-01-08	49.900001525878906	21.495999908447267	21.452999877929688	20.851499843597413
2020-01-09	49.060001373291016	21.47599983215332	21.50399990081787	20.961499786376955
2020-01-10	50.27999877929688	21.615999603271483	21.63499984741211	21.089499759674073
2020-01-13	51.79999923706055	21.89599952697754	21.749999809265137	21.2334997177124
2020-01-14	52.93999862670898	22.201999282836915	21.862999725341798	21.383499717712404
2020-01-15	52.9900016784668	22.44399948120117	21.969999694824217	21.51399974822998
2020-01-16	53.9900016784668	22.523999786376955	21.999999809265137	21.631499767303467
2020-01-17	53.0	22.49199981689453	22.05399971008301	21.72299976348877
2020-01-21	54.880001068115234	22.391999816894533	22.143999671936037	21.793999767303468
2020-01-22	53.5	22.24000015258789	22.220999717712402	21.843499851226806
2020-01-23	53.77999877929688	22.07400016784668	22.258999824523926	21.855999851226805
2020-01-24	54.29999923706055	21.9060001373291	22.214999961853028	21.85949993133545
2020-01-27	53.59999847412109	21.586000442504883	22.03900012969971	21.83699998855591
2020-01-28	53.93999862670898	21.416000366210938	21.904000091552735	21.826999950408936
2020-01-29	54.540000915527344	21.312000274658203	21.776000213623046	21.819499969482422
2020-01-30	52.790000915527344	21.150000381469727	21.612000274658204	21.790999984741212
2020-01-31	52.369998931884766	20.940000152587892	21.423000144958497	21.711499977111817
2020-02-03	53.060001373291016	20.97599983215332	21.2810001373291	21.667499923706053
2020-02-04	52.7599983215332	20.963999938964843	21.190000152587892	21.666999912261964
2020-02-05	52.41999816894531	20.879999923706055	21.096000099182127	21.658499908447265
2020-02-06	52.58000183105469	21.329999923706055	21.24000015258789	21.749499988555907
2020-02-07	51.900001525878906	21.881999969482422	21.411000061035157	21.813000011444093
2020-02-10	51.97999954223633	22.43000030517578	21.70300006866455	21.87100009918213
2020-02-11	52.900001525878906	23.49200019836426	22.22800006866455	22.066000080108644
2020-02-12	53.0	24.602000045776368	22.74099998474121	22.258500099182132
2020-02-13	54.15999984741211	25.036000061035157	23.182999992370604	22.397500133514406
2020-02-14	52.86000061035156	25.37400016784668	23.62800006866455	22.525500106811528
2020-02-18	51.58000183105469	25.538000106811523	23.984000205993652	22.632500171661377
2020-02-19	51.869998931884766	25.19600028991699	24.344000244140624	22.767000198364258
2020-02-20	51.15999984741211	24.818000411987306	24.710000228881835	22.903000164031987
2020-02-21	52.59000015258789	24.77400016784668	24.905000114440917	23.072500133514406
2020-02-26	50.5	24.665999984741212	25.020000076293947	23.215500068664554
2020-02-27	48.060001373291016	24.42199974060059	24.979999923706053	23.341499996185306
2020-02-28	48.59999847412109	24.07199974060059	24.63400001525879	23.431000041961674
2020-03-02	51.400001525878906	23.843999862670902	24.331000137329102	23.53600006103516
2020-03-03	51.900001525878906	23.486000061035156	24.130000114440918	23.656500053405765
2020-03-04	53.66999816894531	23.378000259399414	24.022000122070313	23.825000095367436
2020-03-05	52.18999862670898	23.410000228881835	23.915999984741212	23.950000095367436
2020-03-06	51.13999938964844	23.246000289916992	23.65900001525879	24.001500129699707
2020-03-09	47.63999938964844	22.610000228881837	23.227000045776368	23.9685001373291
2020-03-10	53.5099983215332	22.172000122070312	22.829000091552736	23.867000102996826
2020-03-11	52.5	21.35	22.364000129699708	23.692000102996825
2020-03-12	48.900001525878906	20.108000183105467	21.75900020599365	23.369500064849852
2020-03-13	52.0099983215332	19.40200004577637	21.32400016784668	22.979000091552734
2020-03-16	48.72999954223633	18.611999893188475	20.611000061035156	22.471000099182127
2020-03-17	53.68000030517578	17.78199996948242	19.977000045776368	22.05350008010864
2020-03-18	52.9900016784668	16.729999923706053	19.039999961853027	21.53100004196167
2020-03-19	56.7400016784668	15.869999885559082	17.989000034332275	20.95250000953674
2020-03-20	50.52000045776367	14.75399990081787	17.077999973297118	20.368499994277954
2020-03-23	46.58000183105469	14.615999984741212	16.613999938964845	19.920499992370605
2020-03-24	46.61000061035156	14.757999801635743	16.26999988555908	19.549499988555908
2020-03-25	47.09000015258789	15.507999801635743	16.118999862670897	19.241499996185304
2020-03-26	48.970001220703125	16.52599964141846	16.19799976348877	18.978499984741212
2020-03-27	48.08000183105469	17.401999855041502	16.077999877929688	18.701000022888184
2020-03-30	49.0	17.73599967956543	16.17599983215332	18.39349994659424
2020-03-31	50.59999847412109	17.71799964904785	16.237999725341798	18.107499885559083
2020-04-01	50.09999847412109	17.407999801635743	16.457999801635744	17.748999881744385
2020-04-02	50.59999847412109	17.313999938964844	16.91999979019165	17.454499912261962
2020-04-03	49.90999984741211	17.243999862670897	17.3229998588562	17.20049991607666
2020-04-06	52.13999938964844	17.46800003051758	17.601999855041505	17.107999897003175
2020-04-07	51.79999923706055	17.72000007629395	17.718999862670902	16.99449987411499
2020-04-08	51.900001525878906	18.170000076293945	17.788999938964842	16.95399990081787
2020-04-09	50.86000061035156	18.568000030517577	17.94099998474121	17.06949987411499
2020-04-13	51.9900016784668	18.873999786376952	18.058999824523926	17.068499851226807
2020-04-14	51.15999984741211	19.25199966430664	18.35999984741211	17.267999839782714
2020-04-15	51.20000076293945	19.41799964904785	18.5689998626709	17.403499794006347
2020-04-16	49.400001525878906	19.73599967956543	18.952999877929688	17.705499839782714
2020-04-17	48.290000915527344	20.19199981689453	19.379999923706055	18.149999856948853
2020-04-20	48.209999084472656	20.91800003051758	19.895999908447266	18.609499883651733
2020-04-22	49.20000076293945	20.913999938964842	20.082999801635744	18.842499828338624
2020-04-23	49.27999877929688	21.0939998626709	20.255999755859374	18.987499809265138
2020-04-24	46.38999938964844	21.10199966430664	20.418999671936035	19.10399980545044
2020-04-27	47.4900016784668	21.059999465942383	20.625999641418456	19.283499813079835
2020-04-28	47.0	20.92799949645996	20.922999763488768	19.49099979400635
2020-04-29	46.72999954223633	21.26199951171875	21.087999725341795	19.723999786376954
2020-04-30	46.400001525878906	21.373999786376952	21.233999824523927	19.901499843597414
2020-05-04	48.86000061035156	21.497999954223634	21.299999809265138	20.12649984359741
2020-05-05	49.79999923706055	21.48400001525879	21.271999740600585	20.32599983215332
2020-05-06	49.59999847412109	21.438000106811522	21.18299980163574	20.539499855041505
2020-05-07	43.470001220703125	21.260000228881836	21.260999870300292	20.671999835968016
2020-05-08	48.43999862670898	21.39600028991699	21.385000038146973	20.820499897003174
2020-05-11	47.27999877929688	21.552000045776367	21.525	20.971999835968017
2020-05-12	46.630001068115234	21.62400016784668	21.554000091552734	21.089999866485595
2020-05-13	47.20000076293945	21.64000015258789	21.53900012969971	21.23099994659424
2020-05-14	47.47999954223633	21.67000007629395	21.46500015258789	21.276499938964843
2020-05-15	46.09999847412109	21.52799987792969	21.46200008392334	21.34799995422363
2020-05-18	47.66999816894531	21.51000022888184	21.5310001373291	21.41549997329712
2020-05-19	46.5	21.34800033569336	21.48600025177002	21.378999996185303
2020-05-20	47.09000015258789	21.288000106811523	21.464000129699706	21.323499965667725
2020-05-21	47.220001220703125	21.13000030517578	21.400000190734865	21.330500030517577
2020-05-22	47.400001525878906	21.166000366210938	21.347000122070312	21.36600008010864
2020-05-26	48.68000030517578	21.222000122070312	21.366000175476074	21.445500087738036
2020-05-27	48.56999969482422	21.438000106811522	21.393000221252443	21.473500156402586
2020-05-28	48.040000915527344	21.658000183105468	21.473000144958498	21.506000137329103
2020-05-29	46.81999969482422	22.1060001373291	21.61800022125244	21.541500186920167
2020-06-01	47.65999984741211	22.506000137329103	21.83600025177002	21.64900016784668
2020-06-02	48.18000030517578	22.900000381469727	22.061000251770018	21.79600019454956
2020-06-03	47.0	23.24000015258789	22.339000129699706	21.912500190734864
2020-06-04	47.38999938964844	23.53199996948242	22.595000076293946	22.029500102996828
2020-06-05	47.93000030517578	23.75	22.928000068664552	22.16400012969971
2020-06-08	48.83000183105469	23.963999938964843	23.23500003814697	22.291000080108642
2020-06-09	48.79999923706055	24.05799980163574	23.479000091552734	22.422500133514404
2020-06-10	49.709999084472656	24.2879997253418	23.763999938964844	22.578500080108643
2020-06-12	49.95000076293945	24.286000061035157	23.90900001525879	22.691000080108644
2020-06-15	48.400001525878906	24.138000106811525	23.944000053405762	22.7810001373291
2020-06-16	49.2599983215332	23.90200004577637	23.932999992370604	22.884500122070314
2020-06-17	49.52999877929688	23.936000061035156	23.99699993133545	23.029000091552735
2020-06-18	50.4900016784668	24.0560001373291	24.17199993133545	23.255500030517577
2020-06-19	50.95000076293945	24.431999969482423	24.35900001525879	23.477000045776368
2020-06-22	49.790000915527344	24.955999755859374	24.54699993133545	23.7375
2020-06-23	49.2400016784668	25.493999862670897	24.697999954223633	23.966499996185302
2020-06-24	48.63999938964844	25.503999710083008	24.719999885559083	24.09949998855591
2020-06-25	49.560001373291016	25.499999618530275	24.777999877929688	24.270999908447266
2020-06-26	48.65999984741211	25.45199966430664	24.94199981689453	24.42549991607666
2020-06-29	48.18000030517578	25.337999725341795	25.146999740600585	24.545499897003175
2020-06-30	48.400001525878906	25.189999771118163	25.341999816894532	24.63749990463257
2020-07-01	47.900001525878906	25.429999923706056	25.466999816894532	24.73199987411499
2020-07-02	48.13999938964844	25.6060001373291	25.552999877929686	24.862499904632568
2020-07-06	48.77000045776367	26.044000244140626	25.747999954223634	25.05349998474121
2020-07-07	48.4900016784668	26.70400047302246	26.021000099182128	25.28400001525879
2020-07-08	48.79999923706055	27.378000259399414	26.28400001525879	25.49099998474121
2020-07-09	49.880001068115234	28.046000289916993	26.738000106811523	25.7289999961853
2020-07-10	48.9900016784668	28.686000442504884	27.14600028991699	25.96200008392334
2020-07-13	48.36000061035156	29.144000244140624	27.594000244140624	26.268000030517577
2020-07-14	47.900001525878906	29.436000061035156	28.07000026702881	26.608500003814697
2020-07-15	48.70000076293945	29.77400016784668	28.576000213623047	26.959000015258788
2020-07-16	49.900001525878906	29.878000259399414	28.9620002746582	27.21450004577637
2020-07-17	50.540000915527344	29.96599998474121	29.326000213623047	27.439500045776366
2020-07-20	53.38999938964844	29.961999893188477	29.553000068664552	27.65050001144409
2020-07-21	52.70000076293945	29.952000045776366	29.694000053405762	27.857500076293945
2020-07-22	51.56999969482422	30.063999938964844	29.91900005340576	28.101500034332275
2020-07-23	49.77000045776367	30.18599967956543	30.03199996948242	28.385000038146973
2020-07-24	49.400001525878906	30.28599967956543	30.12599983215332	28.636000061035155
2020-07-27	50.79999923706055	30.52599983215332	30.243999862670897	28.91900005340576
2020-07-28	51.0	30.789999771118165	30.370999908447267	29.22050008773804
2020-07-29	50.5	31.12599983215332	30.594999885559083	29.585500049591065
2020-07-30	51.29999923706055	31.545999908447264	30.86599979400635	29.914000034332275
2020-07-31	52.560001373291016	31.79000015258789	31.03799991607666	30.182000064849852
2020-08-03	51.400001525878906	32.21399993896485	31.369999885559082	30.461499977111817
2020-08-04	50.630001068115234	32.43600006103516	31.61299991607666	30.65349998474121
2020-08-05	50.04999923706055	32.21000022888184	31.66800003051758	30.79350004196167
2020-08-06	51.31999969482422	31.908000183105468	31.727000045776368	30.879500007629396
2020-08-07	50.70000076293945	31.658000183105468	31.72400016784668	30.925
2020-08-10	51.90999984741211	31.18000030517578	31.697000122070314	30.970499992370605
2020-08-11	50.9900016784668	30.63400001525879	31.535000038146972	30.952999973297118
2020-08-12	49.5	30.293999862670898	31.252000045776366	30.923499965667723
2020-08-13	49.47999954223633	30.13400001525879	31.021000099182128	30.943499946594237
2020-08-14	50.25	29.937999725341797	30.797999954223634	30.917999935150146
2020-08-17	49.18999862670898	29.70199966430664	30.44099998474121	30.905499935150146
2020-08-18	50.0	29.677999877929686	30.15599994659424	30.884499931335448
2020-08-19	49.56999969482422	29.773999786376955	30.033999824523924	30.850999927520753
2020-08-20	49.790000915527344	29.697999572753908	29.915999794006346	30.82149991989136
2020-08-21	49.41999816894531	29.765999603271485	29.85199966430664	30.78799991607666
2020-08-24	50.0	29.855999755859376	29.778999710083006	30.73799991607666
2020-08-25	50.0	30.107999801635742	29.892999839782714	30.713999938964843
2020-08-26	49.29999923706055	30.40999984741211	30.091999816894532	30.67199993133545
2020-08-27	49.27999877929688	30.6	30.148999786376955	30.58499994277954
2020-08-28	49.68999862670898	30.763999938964844	30.264999771118163	30.5314998626709
2020-08-31	48.5	30.952000045776366	30.403999900817873	30.42249994277954
2020-09-01	49.18000030517578	31.011999893188477	30.559999847412108	30.357999897003175
2020-09-02	48.59999847412109	30.892000198364258	30.651000022888184	30.342499923706054
2020-09-03	48.84999847412109	30.720000076293946	30.660000038146972	30.28799991607666
2020-09-04	48.97999954223633	30.454000091552736	30.60900001525879	30.230499839782716
2020-09-08	49.20000076293945	29.670000076293945	30.311000061035156	30.044999885559083
2020-09-09	50.5	28.854000091552734	29.93299999237061	29.91299991607666
2020-09-10	48.400001525878906	28.03199996948242	29.462000083923346	29.776999950408936
2020-09-11	47.9900016784668	27.552000045776367	29.136000061035162	29.642499923706055
2020-09-14	48.0	27.626000213623048	29.040000152587897	29.652499961853028
2020-09-15	48.0	28.312000274658203	28.99100017547608	29.697500038146973
2020-09-16	47.369998931884766	29.26400032043457	29.05900020599366	29.80950002670288
2020-09-17	47.5	30.19200019836426	29.112000083923345	29.881500053405762
2020-09-18	47.09000015258789	30.868000030517578	29.210000038146973	29.935000038146974
2020-09-21	46.70000076293945	31.004000091552733	29.315000152587892	29.96200008392334
2020-09-22	46.68999862670898	31.038000106811523	29.675000190734863	29.99300012588501
2020-09-23	45.900001525878906	30.665999984741212	29.96500015258789	29.949000072479247
2020-09-24	45.9900016784668	30.12200012207031	30.157000160217287	29.80950012207031
2020-09-25	45.70000076293945	29.8060001373291	30.33700008392334	29.73650007247925
2020-09-28	44.59999847412109	29.736000061035156	30.370000076293945	29.705000114440917
2020-09-29	44.20000076293945	29.65999984741211	30.348999977111816	29.670000076293945
2020-09-30	44.11000061035156	29.829999923706055	30.247999954223634	29.653500080108643
2020-10-01	44.0	30.20199966430664	30.161999893188476	29.636999988555907
2020-10-02	43.709999084472656	30.551999664306642	30.17899990081787	29.694499969482422
2020-10-05	43.5	30.947999572753908	30.341999816894532	29.82849998474121
2020-10-06	44.130001068115234	31.399999618530273	30.52999973297119	30.102499961853027
2020-10-07	43.54999923706055	31.827999877929688	30.82899990081787	30.39700002670288
2020-10-08	44.709999084472656	32.373999786376956	31.2879997253418	30.722499942779542
2020-10-09	44.34999847412109	32.75400009155273	31.652999877929688	30.994999980926515
2020-10-13	44.47999954223633	33.01800003051758	31.982999801635742	31.176499938964845
2020-10-14	44.29999923706055	33.27799987792969	32.33899974822998	31.3439998626709
2020-10-15	44.400001525878906	33.36799926757813	32.597999572753906	31.422999763488768
2020-10-16	43.5099983215332	33.385999298095705	32.87999954223633	31.520999717712403
2020-10-19	43.15999984741211	33.52599945068359	33.13999977111816	31.659499835968017
2020-10-20	43.20000076293945	33.655999755859376	33.33699989318848	31.839499855041502
2020-10-21	43.130001068115234	33.68199996948242	33.47999992370605	32.004999828338626
2020-10-22	43.79999923706055	33.752000427246095	33.55999984741211	32.19449987411499
2020-10-23	44.41999816894531	33.85600051879883	33.62099990844727	32.45449981689453
2020-10-26	44.33000183105469	33.645999908447266	33.58599967956543	32.61949977874756
2020-10-27	43.47999954223633	33.46399993896485	33.55999984741211	32.77149982452393
2020-10-28	42.61000061035156	33.21399993896485	33.44799995422363	32.89349985122681
2020-10-29	42.25	33.08600006103516	33.419000244140626	33.00849990844726
2020-10-30	42.66999816894531	32.78600006103515	33.321000289916995	33.10049991607666
2020-11-03	42.310001373291016	32.52000045776367	33.08300018310547	33.11149997711182
2020-11-04	42.20000076293945	32.3120002746582	32.888000106811525	33.1125
2020-11-05	43.290000915527344	32.29800033569336	32.7560001373291	33.11800003051758
2020-11-06	42.84999847412109	32.24599990844727	32.66599998474121	33.11299991607666
2020-11-09	44.77999877929688	32.295999908447264	32.54099998474121	33.08099994659424
2020-11-10	45.43999862670898	32.26999969482422	32.39500007629395	32.990499877929686
2020-11-11	44.79999923706055	32.22999954223633	32.270999908447266	32.91549987792969
2020-11-12	44.43999862670898	32.00199928283691	32.14999980926514	32.798999881744386
2020-11-13	44.63999938964844	31.80599937438965	32.02599964141846	32.72249994277954
2020-11-16	45.63999938964844	31.723999404907225	32.009999656677245	32.665499973297116
2020-11-17	47.0	31.91599922180176	32.09299945831299	32.58799982070923
2020-11-18	46.52000045776367	31.91599922180176	32.07299938201904	32.48049974441528
2020-11-19	46.400001525878906	31.96399917602539	31.98299922943115	32.36949968338013
2020-11-23	44.22999954223633	32.16999893188476	31.987999153137206	32.32699956893921
2020-11-24	44.150001525878906	32.24599914550781	31.98499927520752	32.26299962997437
2020-11-25	43.400001525878906	32.45199966430664	32.1839994430542	32.28949975967407
2020-11-27	44.09000015258789	33.05	32.482999610900876	32.37699975967407
2020-11-30	44.75	33.58000030517578	32.771999740600585	32.46099977493286
2020-12-01	45.470001220703125	34.00600051879883	33.087999725341795	32.55699968338013
2020-12-02	44.20000076293945	34.37800064086914	33.31199989318848	32.66099977493286
2020-12-03	44.0	34.806000518798825	33.62900009155273	32.860999774932864
2020-12-04	43.79999923706055	34.81800003051758	33.93400001525879	33.00349969863892
2020-12-07	43.63999938964844	34.74400024414062	34.162000274658205	33.07249975204468
2020-12-08	44.310001373291016	34.5640007019043	34.28500061035156	33.136499881744385
2020-12-09	45.29999923706055	34.732000732421874	34.555000686645506	33.269999980926514
2020-12-10	45.52999877929688	35.556000518798825	35.181000518798825	33.682499980926515
2020-12-11	47.04999923706055	36.114000701904295	35.466000366210935	33.974499988555905
2020-12-14	45.88999938964844	37.09600067138672	35.92000045776367	34.34600009918213
2020-12-15	45.7400016784668	38.01800003051758	36.29100036621094	34.68950004577637
2020-12-16	45.91999816894531	38.704000091552736	36.718000411987305	35.01500015258789
2020-12-17	46.18999862670898	38.92600021362305	37.24100036621094	35.43500022888183
2020-12-18	45.65999984741211	39.434000396728514	37.774000549316405	35.8540002822876
2020-12-21	45.08000183105469	39.844000244140624	38.470000457763675	36.316000366210936
2020-12-22	45.38999938964844	40.06800079345703	39.04300041198731	36.664000511169434
2020-12-23	45.4900016784668	40.10000076293945	39.402000427246094	36.978500556945804
2020-12-28	45.900001525878906	39.43000106811523	39.17800064086914	37.179500579833984
2020-12-29	45.20000076293945	39.16800079345703	39.30100059509277	37.383500480651854
2020-12-30	46.5	38.68000030517578	39.262000274658206	37.591000366210935
2021-01-04	45.93999862670898	38.376000213623044	39.22200050354004	37.75650043487549
2021-01-05	45.54999923706055	38.486000061035156	39.29300041198731	38.005500411987306
2021-01-06	45.040000915527344	38.79799957275391	39.11400032043457	38.177500343322755
2021-01-07	43.900001525878906	38.78199996948242	38.97500038146973	38.37450046539307
2021-01-08	45.04999923706055	38.85800018310547	38.76900024414063	38.61950035095215
2021-01-11	44.540000915527344	38.83399963378906	38.60499992370605	38.82400016784668
2021-01-12	44.5	38.71399917602539	38.599999618530276	39.001000022888185
2021-01-13	44.59999847412109	39.041999053955074	38.91999931335449	39.04899997711182
2021-01-14	44.43999862670898	39.545999145507814	39.16399955749512	39.232500076293945
2021-01-15	44.68000030517578	39.837998962402345	39.347999572753906	39.304999923706056
2021-01-19	43.790000915527344	40.66199951171875	39.747999572753905	39.48500003814697
2021-01-20	43.86000061035156	41.29000015258789	40.00199966430664	39.64750003814697
2021-01-21	43.81999969482422	41.77000045776367	40.405999755859376	39.76000003814697
2021-01-22	44.13999938964844	42.01800003051758	40.781999588012695	39.87849998474121
2021-01-26	44.83000183105469	42.38800048828125	41.112999725341794	39.94099998474121
2021-01-27	45.65999984741211	41.93000030517578	41.295999908447264	39.95049991607666
2021-01-28	45.709999084472656	41.57399978637695	41.43199996948242	40.01599979400635
2021-01-29	45.20000076293945	40.805999755859375	41.28800010681152	40.10399971008301
2021-02-01	45.93000030517578	40.45199966430664	41.23499984741211	40.199499702453615
2021-02-02	46.61000061035156	40.05999984741211	41.22400016784668	40.285999870300294
2021-02-03	48.38999938964844	40.38199996948242	41.1560001373291	40.45199985504151
2021-02-04	48.38999938964844	40.67000045776367	41.12200012207031	40.56199989318848
2021-02-05	47.84999847412109	41.48400039672852	41.14500007629395	40.77549991607666
2021-02-08	47.52999877929688	42.57800064086914	41.51500015258789	41.14849987030029
2021-02-09	47.52000045776367	43.93000030517578	41.99500007629395	41.55399990081787
2021-02-10	47.650001525878906	45.008000183105466	42.695000076293944	41.995499992370604
2021-02-11	48.95000076293945	46.126000213623044	43.39800033569336	42.41500015258789
2021-02-12	48.400001525878906	46.83000030517578	44.157000350952146	42.722500228881835
2021-02-17	47.34999847412109	47.380000305175784	44.97900047302246	43.10700016021728
2021-02-18	46.220001220703125	47.668000030517575	45.79900016784668	43.51150016784668
2021-02-19	46.43999862670898	48.15199966430664	46.579999923706055	43.86800003051758
2021-02-22	45.459999084472656	48.57199935913086	47.34899978637695	44.235499954223634
2021-02-23	45.11000061035156	48.98399963378906	47.90699996948242	44.526000022888184
2021-02-24	44.38999938964844	48.73399963378906	48.05699996948242	44.78600006103515
2021-02-25	44.52000045776367	48.46399993896485	48.06599998474121	45.03050003051758
2021-02-26	44.0	47.95600051879883	48.05400009155274	45.37450008392334
2021-03-01	43.310001373291016	47.85600051879883	48.21399993896485	45.8060001373291
2021-03-02	43.47999954223633	47.854000091552734	48.4189998626709	46.28800010681152
2021-03-03	44.18999862670898	47.95999984741211	48.34699974060059	46.66300010681152
2021-03-04	44.0099983215332	47.68199996948242	48.07299995422363	46.93600006103516
2021-03-05	44.720001220703125	47.655999755859376	47.8060001373291	47.19300003051758
2021-03-08	43.959999084472656	46.725999450683595	47.29099998474121	47.319999885559085
2021-03-09	43.7599983215332	46.49999923706055	47.17699966430664	47.54199981689453
2021-03-10	43.54999923706055	46.10799942016602	47.033999633789065	47.54549980163574
2021-03-11	43.90999984741211	46.529999542236325	47.10599975585937	47.58599987030029
2021-03-12	45.0099983215332	46.76599960327148	47.21099967956543	47.632499885559085
2021-03-15	45.470001220703125	47.454000091552736	47.089999771118165	47.6519998550415
2021-03-16	45.45000076293945	47.69000015258789	47.09499969482422	47.756999778747556
2021-03-17	46.47999954223633	48.08000030517578	47.0939998626709	47.72049980163574
2021-03-18	46.43000030517578	47.7120002746582	47.12099990844727	47.596999931335446
2021-03-19	46.45000076293945	47.16600036621094	46.96599998474121	47.386000061035155
2021-03-22	45.83000183105469	46.71800003051758	47.08600006103516	47.188500022888185
2021-03-23	45.56999969482422	45.98800048828125	46.83900032043457	47.00799999237061
2021-03-24	45.0	44.864000701904295	46.47200050354004	46.75300006866455
2021-03-25	45.20000076293945	43.97800064086914	45.845000457763675	46.47550010681152
2021-03-26	45.34000015258789	43.3620002746582	45.26400032043457	46.2375
2021-03-29	45.52000045776367	42.6640007019043	44.691000366210936	45.89050006866455
2021-03-30	45.5	41.970000457763675	43.97900047302246	45.53700008392334
2021-03-31	44.22999954223633	41.95200042724609	43.4080005645752	45.251000213623044
2021-04-01	44.13999938964844	42.26000061035156	43.119000625610354	45.12000026702881
2021-04-05	44.459999084472656	42.87200088500977	43.117000579833984	45.0415002822876
2021-04-06	44.470001220703125	43.52000045776367	43.092000579833986	45.08900032043457
2021-04-07	44.54999923706055	44.284000396728516	43.127000427246095	44.98300037384033
2021-04-08	44.68999862670898	44.922000122070315	43.4370002746582	44.954500389099124
2021-04-09	44.45000076293945	45.4	43.83000030517578	44.837500381469724
2021-04-12	44.75	45.65400009155273	44.26300048828125	44.76350040435791
2021-04-13	44.45000076293945	45.91399993896484	44.71700019836426	44.704000282287595
2021-04-14	44.7400016784668	45.927999877929686	45.106000137329104	44.54250030517578
2021-04-15	44.75	46.14199981689453	45.53199996948242	44.47000026702881
2021-04-16	44.13999938964844	46.31199951171875	45.85599975585937	44.48750019073486
2021-04-19	43.66999816894531	46.11199951171875	45.88299980163574	44.500000190734866
2021-04-20	43.84999847412109	45.737999725341794	45.82599983215332	44.459000205993654
2021-04-22	43.56999969482422	45.90400009155273	45.91599998474121	44.521500205993654
2021-04-23	43.93000030517578	45.9099998474121	46.02599983215332	44.73150005340576
2021-04-26	43.65999984741211	46.081999969482425	46.19699974060059	45.01350002288818
2021-04-27	42.95000076293945	46.27200012207031	46.19199981689453	45.22750015258789
2021-04-28	42.93999862670898	46.40600051879883	46.072000122070314	45.394500160217284
2021-04-29	43.400001525878906	46.27600021362305	46.09000015258789	45.5980001449585
2021-04-30	43.20000076293945	45.92600021362305	45.918000030517575	45.725
2021-05-03	42.97999954223633	45.55200042724609	45.817000198364255	45.836499977111814
2021-05-04	42.7599983215332	45.09800033569336	45.68500022888183	45.78400001525879
2021-05-05	43.0	44.95800018310547	45.68200035095215	45.75400009155273
2021-05-06	43.31999969482422	45.0	45.638000106811525	45.77700004577637
2021-05-07	43.52999877929688	45.21399993896485	45.570000076293944	45.797999954223634
2021-05-10	43.540000915527344	45.33999938964844	45.44599990844726	45.821499824523926
2021-05-11	43.79999923706055	45.33399887084961	45.215999603271484	45.70399971008301
2021-05-12	42.650001525878906	44.571998596191406	44.76499938964844	45.41849975585937
2021-05-13	42.88999938964844	43.15599899291992	44.07799949645996	45.08399982452393
2021-05-14	42.9900016784668	41.88199920654297	43.54799957275391	44.73299980163574
2021-05-17	43.18999862670898	40.38999938964844	42.86499938964844	44.34099979400635
2021-05-18	43.119998931884766	39.486000061035156	42.409999465942384	44.04749984741211
2021-05-19	43.95000076293945	39.18800048828125	41.87999954223633	43.780999946594235
2021-05-20	43.77999877929688	39.36800079345703	41.261999893188474	43.45
2021-05-21	43.83000183105469	39.2140007019043	40.547999954223634	43.05900001525879
2021-05-24	44.290000915527344	39.22800064086914	39.80900001525879	42.627499961853026
2021-05-25	44.38999938964844	38.9620002746582	39.22400016784668	42.21999988555908
2021-05-26	44.0	38.645999908447266	38.917000198364256	41.84099979400635
2021-05-27	44.06999969482422	38.199999237060545	38.78400001525879	41.430999755859375
2021-05-28	44.119998931884766	38.02799911499024	38.62099990844727	41.084499740600585
2021-06-01	45.47999954223633	37.76399917602539	38.49599990844727	40.68049964904785
2021-06-02	45.29999923706055	37.45199890136718	38.20699958801269	40.30849952697754
2021-06-04	45.56999969482422	37.387998962402335	38.01699943542481	39.948499488830564
2021-06-07	46.09999847412109	37.38399963378906	37.791999435424806	39.52699966430664
2021-06-08	45.4900016784668	37.17399978637695	37.60099945068359	39.074499702453615
2021-06-09	45.86000061035156	37.07999954223633	37.42199935913085	38.61549968719483
2021-06-10	47.15999984741211	37.10199966430664	37.27699928283691	38.2504997253418
2021-06-11	45.66999816894531	36.93199996948242	37.15999946594238	38.03849983215332
2021-06-14	46.20000076293945	36.82199935913086	37.10299949645996	37.94349975585938
2021-06-15	46.09000015258789	36.667999267578125	36.92099952697754	37.7709997177124
2021-06-16	45.560001373291016	36.545999908447264	36.8129997253418	37.65449981689453
2021-06-17	45.4900016784668	36.405999755859376	36.75399971008301	37.48049964904785
2021-06-18	45.61000061035156	36.11799926757813	36.52499961853027	37.27099952697754
2021-06-21	45.13999938964844	35.74599914550781	36.28399925231933	37.03799934387207
2021-06-22	43.900001525878906	35.42599945068359	36.04699935913086	36.82399940490723
2021-06-23	43.470001220703125	35.12199935913086	35.83399963378906	36.627999496459964
2021-06-24	43.70000076293945	35.081999969482425	35.7439998626709	36.51049957275391
2021-06-25	42.93000030517578	35.26600036621094	35.69199981689453	36.42599964141846
2021-06-28	43.09999847412109	35.40600051879883	35.57599983215332	36.33949966430664
2021-06-29	42.41999816894531	35.46800079345703	35.447000122070314	36.18399982452392
2021-06-30	42.0	35.51600036621094	35.3189998626709	36.065999794006345
2021-07-01	41.619998931884766	35.263999938964844	35.172999954223634	35.96349983215332
2021-07-02	41.959999084472656	35.07999954223633	35.172999954223634	35.84899978637695
2021-07-06	41.959999084472656	34.672000122070315	35.03900032043457	35.66149978637695
2021-07-07	42.5099983215332	34.37999954223633	34.92400016784668	35.48549976348877
2021-07-08	41.650001525878906	34.04199981689453	34.77900009155273	35.3064998626709
2021-07-12	42.369998931884766	33.99599990844727	34.62999992370605	35.18699989318848
2021-07-13	41.79999923706055	33.85999984741211	34.46999969482422	35.080999755859374
2021-07-14	41.720001220703125	34.08399963378906	34.37799987792969	34.976999855041505
2021-07-15	41.25	34.18199996948242	34.280999755859376	34.863999938964845
2021-07-16	41.209999084472656	34.27600021362305	34.15900001525879	34.738999938964845
2021-07-19	41.25	34.03000030517578	34.013000106811525	34.59300003051758
2021-07-20	41.15999984741211	33.79800033569336	33.829000091552736	34.501000022888185
2021-07-21	41.18000030517578	33.55999984741211	33.82199974060059	34.43050003051758
2021-07-22	41.20000076293945	33.44199981689453	33.81199989318848	34.36800003051758
2021-07-23	40.970001220703125	33.25999984741211	33.76800003051758	34.27350006103516
2021-07-26	40.90999984741211	33.00599975585938	33.51800003051758	34.07399997711182
2021-07-27	40.790000915527344	32.69199981689453	33.24500007629395	33.85749988555908
2021-07-28	41.43999862670898	32.352000045776364	32.95599994659424	33.666999912261964
2021-07-29	41.04999923706055	32.02200012207031	32.73199996948242	33.5064998626709
2021-07-30	41.209999084472656	31.75199966430664	32.50599975585938	33.33249988555908
2021-08-02	41.459999084472656	31.72599983215332	32.36599979400635	33.18949995040894
2021-08-03	41.93999862670898	31.5939998626709	32.14299983978272	32.98599996566772
2021-08-04	41.59999847412109	31.461999893188477	31.90699996948242	32.8644998550415
2021-08-05	41.33000183105469	31.293999862670898	31.657999992370605	32.73499994277954
2021-08-06	41.86000061035156	31.165999984741212	31.458999824523925	32.61349992752075
2021-08-09	42.130001068115234	30.957999801635744	31.341999816894532	32.429999923706056
2021-08-10	41.0	30.829999923706055	31.211999893188477	32.22849998474121
2021-08-11	41.59999847412109	30.727999877929687	31.094999885559087	32.02549991607666
2021-08-12	41.560001373291016	30.539999771118165	30.91699981689454	31.824499893188477
2021-08-13	42.09999847412109	30.45999984741211	30.812999916076667	31.659499835968017
2021-08-16	42.5	30.263999938964844	30.610999870300297	31.48849983215332
2021-08-17	43.18000030517578	29.98400001525879	30.406999969482428	31.27499990463257
2021-08-18	43.209999084472656	29.71400032043457	30.221000099182135	31.064000034332274
2021-08-19	43.16999816894531	29.440000534057617	29.99000015258789	30.824000072479247
2021-08-20	44.18999862670898	28.980000305175782	29.720000076293946	30.589499950408936
2021-08-23	43.86000061035156	28.628000259399414	29.44600009918213	30.39399995803833
2021-08-24	43.540000915527344	28.51400032043457	29.24900016784668	30.23050003051758
2021-08-25	43.380001068115234	28.31400032043457	29.01400032043457	30.054500102996826
2021-08-26	43.13999938964844	28.178000259399415	28.809000396728514	29.863000106811523
2021-08-27	43.209999084472656	28.210000228881835	28.59500026702881	29.704000091552736
2021-08-30	43.369998931884766	28.222000122070312	28.425000190734863	29.518000030517577
2021-08-31	43.72999954223633	28.16800003051758	28.341000175476076	29.374000072479248
2021-09-01	43.220001220703125	28.213999938964843	28.264000129699706	29.24250011444092
2021-09-02	42.43000030517578	28.22599983215332	28.202000045776366	29.096000099182127
2021-09-03	42.09000015258789	28.292000198364256	28.251000213623048	28.985500144958497
2021-09-08	41.08000183105469	29.160000610351563	28.691000366210936	29.068500232696532
2021-09-09	42.22999954223633	30.038000869750977	29.103000450134278	29.176000308990478
2021-09-10	42.220001220703125	30.782001113891603	29.49800052642822	29.256000423431395
2021-09-13	42.45000076293945	31.63200149536133	29.929000663757325	29.36900053024292
2021-09-14	42.790000915527344	32.242001342773435	30.26700077056885	29.43100051879883
2021-09-15	41.41999816894531	31.828001022338867	30.494000816345213	29.45950050354004
2021-09-16	41.5099983215332	31.29400062561035	30.666000747680663	29.50350046157837
2021-09-17	42.11000061035156	30.870000457763673	30.826000785827638	29.54500045776367
2021-09-20	41.84000015258789	30.245999908447267	30.9390007019043	29.570500373840332
2021-09-21	42.22999954223633	29.755999755859374	30.999000549316406	29.625000381469725
2021-09-22	43.5	29.677999877929686	30.753000450134277	29.722000408172608
2021-09-23	43.84999847412109	29.673999786376953	30.484000205993652	29.793500328063963
2021-09-24	43.130001068115234	29.581999588012696	30.226000022888183	29.862000274658204
2021-09-27	43.13999938964844	29.743999862670897	29.994999885559082	29.9620002746582
2021-09-28	42.150001525878906	29.87599983215332	29.81599979400635	30.041500282287597
2021-09-29	42.40999984741211	29.849999618530273	29.76399974822998	30.1290002822876
2021-09-30	42.869998931884766	29.665999984741212	29.669999885559083	30.168000316619874
2021-10-01	42.84999847412109	29.554000091552734	29.567999839782715	30.197000312805176
2021-10-04	42.52000045776367	29.068000030517577	29.40599994659424	30.172500324249267
2021-10-05	43.150001525878906	28.638000106811525	29.256999969482422	30.128000259399414
2021-10-06	42.81999969482422	28.020000076293947	28.934999847412108	29.844000148773194
2021-10-07	43.20000076293945	27.68400001525879	28.675	29.579500102996825
2021-10-08	45.0	27.363999938964845	28.459000015258788	29.342500019073487
2021-10-11	45.290000915527344	27.46800003051758	28.268000030517577	29.13149995803833
2021-10-13	46.0	27.436000061035156	28.03700008392334	28.926499938964845
2021-10-14	45.79999923706055	27.626000213623048	27.823000144958495	28.79349994659424
2021-10-15	46.16999816894531	27.694000244140625	27.689000129699707	28.679500007629393
2021-10-18	46.45000076293945	27.660000228881835	27.51200008392334	28.539999961853027
2021-10-19	45.90999984741211	27.75800018310547	27.613000106811523	28.50950002670288
2021-10-20	46.0	28.12200012207031	27.779000091552735	28.518000030517577
2021-10-21	45.27999877929688	28.376000213623048	28.001000213623048	28.46800003051758
2021-10-22	44.560001373291016	28.638000106811525	28.166000175476075	28.420500087738038
2021-10-25	44.880001068115234	28.931999969482423	28.29600009918213	28.37750005722046
2021-10-26	44.790000915527344	28.85399971008301	28.305999946594238	28.28699998855591
2021-10-27	44.59000015258789	28.445999908447266	28.28400001525879	28.160500049591064
2021-10-28	45.0	28.06599998474121	28.221000099182127	28.022000122070313
2021-10-29	45.52000045776367	27.661999893188476	28.15	27.919500064849853
2021-11-01	46.560001373291016	27.488000106811523	28.210000038146973	27.861000061035156
2021-11-03	49.63999938964844	27.422000122070312	28.13799991607666	27.875500011444093
2021-11-04	49.68000030517578	27.404000091552735	27.925	27.852000045776368
2021-11-05	50.310001373291016	27.447999954223633	27.756999969482422	27.879000091552733
2021-11-08	50.79999923706055	27.993999862670897	27.827999877929688	27.99700002670288
2021-11-09	49.790000915527344	28.411999893188476	27.95	28.123000049591063
2021-11-10	49.36000061035156	28.604000091552734	28.013000106811525	28.15950002670288
2021-11-11	49.209999084472656	29.09000015258789	28.24700012207031	28.26550006866455
2021-11-12	49.27999877929688	29.678000259399415	28.563000106811522	28.392000102996825
2021-11-16	49.5	29.960000228881835	28.977000045776368	28.563500022888185
2021-11-17	49.2599983215332	30.11599998474121	29.263999938964844	28.736999988555908
2021-11-18	49.619998931884766	30.272000122070313	29.438000106811522	28.78800001144409
2021-11-19	53.0	30.29000015258789	29.690000152587892	28.807500076293945
2021-11-22	51.91999816894531	30.12400016784668	29.901000213623046	28.829000091552736
2021-11-23	51.0	29.710000228881835	29.835000228881835	28.83150005340576
2021-11-24	50.77000045776367	29.310000228881837	29.713000106811524	28.83150005340576
2021-11-26	50.84000015258789	28.88400001525879	29.57800006866455	28.795500087738038
2021-11-29	50.31999969482422	28.41800003051758	29.354000091552734	28.800500106811523
2021-11-30	50.290000915527344	27.8	28.96200008392334	28.762500095367432
2021-12-01	49.97999954223633	27.068000030517577	28.389000129699706	28.683000087738037
2021-12-02	50.2400016784668	26.2120002746582	27.76100025177002	28.512500095367432
2021-12-03	50.84999847412109	25.366000366210937	27.125000190734863	28.281500148773194
2021-12-06	50.09999847412109	24.628000259399414	26.523000144958495	28.106500148773193
2021-12-07	49.959999084472656	24.296000289916993	26.048000144958497	27.97450017929077
2021-12-08	49.08000183105469	24.062000274658203	25.565000152587892	27.700000190734862
2021-12-09	48.119998931884766	24.004000091552733	25.108000183105467	27.410500144958498
2021-12-10	49.09999847412109	24.220000076293946	24.79300022125244	27.185500144958496
2021-12-13	49.0	24.31599998474121	24.472000122070312	26.913000106811523
2021-12-14	48.900001525878906	24.231999969482423	24.264000129699706	26.613000106811523
2021-12-15	48.68999862670898	24.3060001373291	24.18400020599365	26.28650016784668
2021-12-16	49.13999938964844	24.338000106811524	24.17100009918213	25.966000175476076
2021-12-17	49.25	24.3060001373291	24.263000106811525	25.694000148773192
2021-12-20	49.04999923706055	24.178000259399415	24.24700012207031	25.385000133514406
2021-12-21	49.25	24.15200004577637	24.192000007629396	25.120000076293948
2021-12-22	49.880001068115234	23.956000137329102	24.131000137329103	24.848000144958498
2021-12-23	49.869998931884766	23.812000274658203	24.075000190734862	24.591500186920168
2021-12-27	49.56999969482422	23.546000289916993	23.92600021362305	24.35950021743775
2021-12-28	47.97999954223633	23.382000350952147	23.780000305175783	24.12600021362305
2021-12-29	48.27000045776367	23.178000259399415	23.66500015258789	23.9645001411438
2021-12-30	48.18999862670898	23.313999938964844	23.635000038146973	23.909500122070312