2017-01-24	37.13999938964844	57.05446339206469	82.3954109113608
2017-01-26	36.77000045776367	55.20958253441572	83.77662299715624
2017-01-27	37.47999954223633	68.64519406264588	75.75760077857333
2017-01-30	37.310001373291016	63.380324067358096	66.96699311177521
2017-01-31	38.18999862670898	69.59900669572363	68.6764898927284
2017-02-01	37.68999862670898	62.20162190795023	68.25635238504026
2017-02-02	37.84999847412109	63.81580994734704	62.261587674461424
2017-02-03	38.04999923706055	58.33334296643177	59.319727396864195
2017-02-06	37.54999923706055	60.62993734268091	61.16882428448349
2017-02-07	37.58000183105469	57.55522093230365	66.75977876862916
2017-02-08	37.93999862670898	66.13758642798851	67.8378650060699
2017-02-09	38.0099983215332	62.79072346339814	71.30681541094133
2017-02-10	38.2400016784668	65.96960132745801	64.23248153624776
2017-02-13	39.29999923706055	67.39528158263553	56.876780965434875
2017-02-14	38.9900016784668	66.66671248892533	50.146202173373574
2017-02-15	38.29999923706055	63.032368415580095	37.431204219264586
2017-02-16	38.34999847412109	58.34932554480291	40.79998718262702
2017-02-17	38.04999923706055	56.92882370085897	57.19297400252436
2017-02-21	38.13999938964844	49.45055774236963	51.26051605441357
2017-02-22	38.02999877929688	54.08654044542113	44.96405543106721
2017-02-23	37.70000076293945	48.267924019653265	48.16957227666592
2017-02-24	37.45000076293945	43.1506980551999	49.21261882430868
2017-03-01	36.900001525878906	42.663676906079985	45.91195974498332
2017-03-02	36.400001525878906	37.95916556118156	38.4058171324003
2017-03-03	37.02000045776367	41.08528220649362	28.516376374743018
2017-03-06	37.5	45.421914732892226	29.019607549811738
2017-03-07	37.2400016784668	41.07141397434883	31.027241094442104
2017-03-08	37.13999938964844	26.724117377689026	36.03821614298819
2017-03-09	37.79999923706055	38.07612273698144	32.543100258971506
2017-03-10	37.290000915527344	39.5010432933014	32.251072778870906
2017-03-13	37.380001068115234	40.00001573072775	38.46157318790846
2017-03-14	37.31999969482422	42.08242896259194	18.114198413164075
2017-03-15	37.400001525878906	41.956542290908914	25.848569689834747
2017-03-16	38.5	54.20394927199962	36.94119273252104
2017-03-17	37.880001068115234	51.5306155548895	37.470160763156144
2017-03-20	38.33000183105469	57.2368532501796	38.014532765224764
2017-03-21	38.33000183105469	62.92948120105736	29.81749836734305
2017-03-22	37.380001068115234	58.19397673289653	35.00004995426909
2017-03-23	37.810001373291016	56.82211390855533	37.21520234250656
2017-03-24	38.38999938964844	57.55517386990391	37.21520234250656
2017-03-27	37.959999084472656	55.94057131058742	35.25183804863592
2017-03-28	37.459999084472656	52.47677817473206	36.768162436112895
2017-03-29	37.93999862670898	51.11464503870577	50.66665581598326
2017-03-30	38.47999954223633	59.429464086537386	43.34979164807078
2017-03-31	35.5	39.782603737988374	34.12070258488205
2017-04-03	36.88999938964844	47.95821293910684	37.19676522150419
2017-04-04	36.29999923706055	45.01810426772824	28.644544695331703
2017-04-05	36.41999816894531	39.66201622346396	31.28078887161105
2017-04-06	36.70000076293945	43.930040344735566	31.98995686602717
2017-04-07	36.20000076293945	39.099278565424	38.37208064456032
2017-04-10	35.97999954223633	38.238228758841295	47.008504279309975
2017-04-11	36.5099983215332	45.45453095963755	51.63932973890168
2017-04-12	36.470001220703125	42.70152143316319	45.76272751959536
2017-04-13	35.869998931884766	36.30434647399684	43.54837150227872
2017-04-17	35.90999984741211	38.36549990062737	43.749988962102044
2017-04-18	36.150001525878906	42.33919829815485	45.146723752215195
2017-04-19	36.5	41.44894128584268	48.07696226468922
2017-04-20	36.84999847412109	40.097198306329894	61.84969228880826
2017-04-24	36.70000076293945	61.11112288487312	67.52293192691181
2017-04-25	38.119998931884766	61.32596995590266	69.53528331506962
2017-04-26	37.970001220703125	66.7335067659356	70.5060828740831
2017-04-27	36.9900016784668	54.87182931529056	67.99239372858298
2017-04-28	37.0099983215332	52.77279235039055	70.4886753042255
2017-05-02	37.88999938964844	64.15411658936091	68.53706250511232
2017-05-03	37.66999816894531	64.15411658936091	58.86403612729384
2017-05-04	36.0099983215332	46.47886869902536	57.69909831444555
2017-05-05	37.470001220703125	55.86854691318337	65.3630884092306
2017-05-08	37.52000045776367	60.35133533656954	72.82230173561919
2017-05-09	36.900001525878906	55.789489182534126	73.33334671822533
2017-05-10	37.88999938964844	59.354839503580095	74.1496567746222
2017-05-11	37.7599983215332	56.93832409416599	74.99998431456214
2017-05-12	38.70000076293945	59.56568443085832	60.504207068285034
2017-05-15	38.43999862670898	58.895695710376245	50.565456583620474
2017-05-16	38.22999954223633	50.641777212769306	50.96153081991006
2017-05-17	37.04999923706055	45.20832414428612	51.45631487462094
2017-05-18	35.97999954223633	44.78843198266576	48.09287119154673
2017-05-19	38.0	54.23439327908787	50.86342774466785
2017-05-22	37.060001373291016	46.46809469406625	55.15758051725826
2017-05-23	36.59999847412109	45.537951607135334	60.15625977890221
2017-05-24	36.900001525878906	54.18627693387588	57.55727440404744
2017-05-25	36.900001525878906	46.89204288765329	65.2065286307942
2017-05-26	36.900001525878906	46.600885494331294	64.08270707819449
2017-05-30	37.540000915527344	53.50108806434729	67.46836573818109
2017-05-31	37.7599983215332	49.22341119350709	65.46668036568236
2017-06-01	37.5	48.470598795004996	61.85568632033599
2017-06-02	37.5	42.06348845928141	71.9298363025526
2017-06-05	36.869998931884766	40.10088502897348	82.50000158945835
2017-06-06	36.5	39.30779042270525	72.87581475278346
2017-06-07	36.650001525878906	47.167155570996854	77.44106965677379
2017-06-08	36.369998931884766	53.11004086042962	83.58209959518666
2017-06-09	35.61000061035156	26.14772085260357	81.20519302539549
2017-06-12	35.5	31.33971488360173	73.42146538203015
2017-06-13	36.0	42.89101539618612	69.63788004849657
2017-06-14	36.40999984741211	44.34177941172584	69.8324037228463
2017-06-15	36.40999984741211	44.34177941172584	53.21544571846309
2017-06-16	36.650001525878906	47.26477005804685	56.50223550429003
2017-06-19	36.0099983215332	33.26037834756123	59.35754316441933
2017-06-20	35.849998474121094	28.824863335055994	59.357543164419276
2017-06-21	35.58000183105469	28.761102277675946	56.71643027099884
2017-06-22	35.93000030517578	33.8809157148206	55.25946906669892
2017-06-23	35.810001373291016	37.84406639672146	52.005947073764176
2017-06-26	36.5	50.0	54.432345783602806
2017-06-27	36.130001068115234	44.69387040143869	54.218756146727536
2017-06-28	36.11000061035156	47.19829127707801	39.300403447355556
2017-06-29	36.29999923706055	58.47665018628301	34.917722507685184
2017-06-30	36.31999969482422	60.30151476231919	38.19999694824219
2017-07-03	36.0	50.0	41.25268697161724
2017-07-05	36.59999847412109	52.38093872286795	38.12373319363883
2017-07-06	35.41999816894531	40.425505226583645	42.63392952175782
2017-07-07	34.93000030517578	34.13280237159154	27.20001220703125
2017-07-10	34.81999969482422	37.83229488540664	6.000010172526046
2017-07-11	35.400001525878906	45.762732564070504	25.133667476525503
2017-07-12	36.38999938964844	56.71640752413766	33.85827954211635
2017-07-13	36.2599983215332	52.839917140221466	31.36247341236647
2017-07-14	36.290000915527344	54.19580209715079	43.68308456126514
2017-07-17	36.58000183105469	50.75189695154044	43.03797875842103
2017-07-18	37.09999847412109	58.86652528336517	45.12195783830809
2017-07-19	36.27999877929688	51.35564800607438	51.36117484322369
2017-07-20	36.9900016784668	55.08101876561136	57.287458146459564
2017-07-21	37.20000076293945	56.303732993034664	57.28741390880103
2017-07-24	37.4900016784668	60.71943535900146	63.561074969375746
2017-07-25	37.209999084472656	54.6003028740818	74.94645543998018
2017-07-26	37.45000076293945	67.83831601078313	77.95092559316724
2017-07-27	38.27999877929688	77.77773560317084	76.41913941273776
2017-07-28	37.9900016784668	75.52335349204355	73.37521762531104
2017-07-31	37.79999923706055	70.61852460445485	50.92938779880264
2017-08-01	37.060001373291016	56.014376674065495	52.08710792950778
2017-08-02	37.5	60.54423004436858	45.70063404091442
2017-08-03	37.54999923706055	60.67795601975628	42.88109535962249
2017-08-04	37.79999923706055	60.40953987304735	45.14992676735572
2017-08-07	38.209999084472656	59.652179220448446	51.330216709062064
2017-08-08	37.97999954223633	66.47287609700263	40.577513854337965
2017-08-09	38.09000015258789	62.061393235266515	38.63967344919834
2017-08-10	37.93999862670898	58.222198486328004	36.776889901469524
2017-08-11	38.060001373291016	56.58197983585351	33.7969680876181
2017-08-14	38.150001525878906	61.35268816411671	34.525456136779084
2017-08-15	38.18000030517578	59.287534276492934	34.620700904214246
2017-08-16	38.5	53.21639383758738	36.2216099203736
2017-08-17	38.13999938964844	52.14896331006259	40.70423549234262
2017-08-18	37.79999923706055	50.0	50.436292971046285
2017-08-21	38.33000183105469	68.51310396983827	42.73050820632344
2017-08-22	38.29999923706055	63.24498501282714	55.23256329731554
2017-08-23	38.79999923706055	68.01148143995103	48.54772408182138
2017-08-24	39.70000076293945	73.05821287438559	51.31847018924169
2017-08-25	39.97999954223633	72.18040512181659	42.168644796929115
2017-08-28	40.18999862670898	77.8336795699874	50.57804933981319
2017-08-29	40.900001525878906	80.7439225843717	53.353624142418695
2017-08-30	41.36000061035156	85.0409414781144	62.903235730239
2017-08-31	41.150001525878906	81.0864891542203	70.83331914173772
2017-09-01	40.400001525878906	69.9822206803842	65.38465129493096
2017-09-05	40.31999969482422	68.83799648081236	45.2784546124616
2017-09-06	41.18000030517578	71.5433801604133	46.69812593905478
2017-09-07	41.18000030517578	75.93853789238923	39.90265562291862
2017-09-08	41.0	78.0701408022765	36.68901435759491
2017-09-11	41.290000915527344	77.10618539126449	46.84095136306753
2017-09-12	41.18000030517578	75.99276722998817	40.23529010496236
2017-09-13	43.25	81.29393806888449	38.60044777404636
2017-09-14	43.88999938964844	80.58392136268738	32.618065100242006
2017-09-15	43.9900016784668	80.05995989710048	33.19148625330544
2017-09-18	43.90999984741211	78.44033914597559	34.978589431995815
2017-09-19	43.650001525878906	72.57798200766948	57.320884676220416
2017-09-20	43.54999923706055	69.10991174279519	55.7692354717627
2017-09-21	43.95000076293945	73.64860380373672	48.72204716204465
2017-09-22	43.70000076293945	80.44274339590504	52.16739035606664
2017-09-25	43.68999862670898	81.49525873225356	52.959022419292275
2017-09-26	43.95000076293945	79.15782930595958	55.072440532199934
2017-09-27	42.38999938964844	59.58792889563829	58.417279533849516
2017-09-28	43.0	64.83676636552876	59.97047413246632
2017-09-29	43.119998931884766	63.926901931092836	58.68902297192929
2017-10-02	43.43000030517578	66.61740062364834	60.09177442413503
2017-10-03	44.29999923706055	59.42546801858717	63.08187149184065
2017-10-04	44.0	51.0516288650169	68.71879534315126
2017-10-05	43.7599983215332	47.8584458797087	67.7530146221196
2017-10-06	45.79999923706055	62.892202935387516	67.86324217840648
2017-10-09	44.400001525878906	54.427386164958676	49.10486407592695
2017-10-10	43.900001525878906	51.972953945413316	60.2020016753839
2017-10-11	44.68999862670898	53.99566788907221	69.29292477803469
2017-10-12	44.68999862670898	55.49388251412618	73.00177319020423
2017-10-13	43.9900016784668	51.54640796980965	93.70226173454965
2017-10-16	43.93999862670898	49.94730169398319	93.42626394035082
2017-10-17	43.560001373291016	57.03972842640178	80.54546009410504
2017-10-18	44.0	56.14251236028775	82.4953079958002
2017-10-19	43.20000076293945	50.45352552735426	81.13950774668307
2017-10-20	42.880001068115234	46.88561814363581	82.18924169559531
2017-10-23	42.91999816894531	41.3749809860911	83.05711300995256
2017-10-24	43.130001068115234	44.500633452564834	84.84351246501875
2017-10-25	42.150001525878906	40.69364946993286	76.20483329359675
2017-10-26	43.9900016784668	39.289941736632954	77.23344095844604
2017-10-27	44.2400016784668	48.904109374289646	81.08109700386426
2017-10-30	43.77999877929688	49.17353417782182	67.43890219097355
2017-10-31	43.31999969482422	40.11544281611778	62.53266275601695
2017-11-01	42.70000076293945	36.8211982097691	58.10220506503369
2017-11-02	42.70000076293945	40.58393282567219	50.798711531500565
2017-11-03	42.45000076293945	39.43263240254664	56.43565318031355
2017-11-06	41.65999984741211	37.26540375967609	49.68864815150873
2017-11-07	41.5	32.590529987875854	50.0
2017-11-08	41.93999862670898	40.762447268240294	50.43695220242959
2017-11-09	41.9900016784668	43.20611469478942	43.67543015505523
2017-11-10	41.119998931884766	37.804897589972214	39.999991475533974
2017-11-13	40.90999984741211	34.95935127445952	34.35206313186788
2017-11-14	40.790000915527344	39.57055430089282	34.268275663152906
2017-11-15	40.790000915527344	15.811987757114863	30.212218177869744
2017-11-16	41.20000076293945	18.595057606610467	31.66259237116546
2017-11-17	41.400001525878906	24.01750762106242	34.21398879578085
2017-11-20	41.400001525878906	26.699066881227807	37.127369452668916
2017-11-21	41.16999816894531	29.490621283106236	36.61204150720005
2017-11-22	40.060001373291016	22.727301387634412	41.40213168662405
2017-11-24	40.36000061035156	28.629869294047438	41.246696293777894
2017-11-27	39.65999984741211	29.166679912134867	50.90016744687839
2017-11-28	40.06999969482422	35.841589692920834	51.456311278897275
2017-11-29	39.459999084472656	26.24523802737967	47.280963285570905
2017-11-30	38.93999862670898	23.19857870742824	44.97126098163743
2017-12-01	39.91999816894531	39.65516447595592	46.23339522120456
2017-12-04	39.5099983215332	38.3333206176758	40.10486166349781
2017-12-05	39.40999984741211	38.46152864754941	45.21126442734938
2017-12-06	40.81999969482422	50.202968753548845	45.596596681753944
2017-12-07	41.13999938964844	49.58903164683634	41.0769190139295
2017-12-08	41.15999984741211	48.31459470174902	43.9868201177341
2017-12-11	40.43000030517578	43.82164707483127	44.078931682973334
2017-12-12	40.459999084472656	45.35947940560488	39.51217727008833
2017-12-13	41.5	59.49867416588702	35.078530894410775
2017-12-14	41.040000915527344	54.39276804169947	16.838480990091128
2017-12-15	41.470001220703125	62.11514057445171	16.638364071118062
2017-12-18	41.209999084472656	57.786881401473956	22.677195627817824
2017-12-19	41.560001373291016	64.87253456325774	22.36026463548056
2017-12-20	41.7599983215332	70.91988567224159	25.899300319309106
2017-12-21	41.45000076293945	62.602995324950214	29.206971812591533
2017-12-22	41.97999954223633	69.95156131560947	34.79264414532396
2017-12-26	42.59999847412109	73.77049832716024	29.955988223194595
2017-12-27	41.0099983215332	51.37880078907258	31.838619869736036
2017-12-28	41.20000076293945	50.443797249918596	26.213663248262023
2017-12-29	41.20000076293945	50.29674279084246	27.751231104507838
2018-01-02	41.400001525878906	57.809994876879266	38.367374901518595
2018-01-03	40.20000076293945	48.238494011494744	45.010216528244904
2018-01-04	40.63999938964844	43.657811466149326	48.57141611529233
2018-01-05	40.7400016784668	47.66355806567575	63.84440597745587
2018-01-08	41.16999816894531	47.663526967897106	66.58706502085788
2018-01-09	41.060001373291016	48.80384463517276	58.09763646098711
2018-01-10	40.540000915527344	42.080730716944906	65.88919596732495
2018-01-11	42.16999816894531	52.6048303718098	69.96903366614458
2018-01-12	41.790000915527344	52.14106132300962	56.58911442988116
2018-01-16	42.150001525878906	51.093964868422276	71.11511719540009
2018-01-17	42.41999816894531	48.78705839167639	77.00930927676278
2018-01-18	42.41999816894531	62.09264298758684	68.58108129877506
2018-01-19	41.08000183105469	49.140406861879775	67.3110753553231
2018-01-22	41.4900016784668	51.962121368544935	68.68687128163495
2018-01-23	41.4900016784668	50.62587177175854	69.15423200308207
2018-01-24	44.0	72.3529868473431	66.66664459088048
2018-01-25	44.0	70.843722016815	61.853805412513935
2018-01-26	43.5	66.31208535923847	58.514479608302544
2018-01-29	43.5	64.5081358206034	52.86417735167475
2018-01-30	43.4900016784668	65.32159449835915	50.8661467463329
2018-01-31	43.54999923706055	70.14729260534233	54.4073075201692
2018-02-01	44.0	64.54694756810979	48.97399849917074
2018-02-02	44.09999847412109	69.2179917003177	48.773840545740484
2018-02-05	44.79999923706055	70.86616632955086	25.26882326882526
2018-02-06	46.22999954223633	75.3662190106258	26.745738246566958
2018-02-07	45.61000061035156	69.61873624032717	42.40652883258747
2018-02-08	44.75	73.98693527475815	35.97621051374007
2018-02-09	45.11000061035156	73.81579918214841	42.47552294099043
2018-02-14	45.88999938964844	76.25299019239654	44.97444738904568
2018-02-15	46.0	66.72241997422844	43.89027249544488
2018-02-16	44.52999877929688	53.55704024430462	46.210882878806444
2018-02-20	44.0099983215332	53.41364456916119	46.363634930618254
2018-02-21	43.27999877929688	48.65852864280468	47.3417698699688
2018-02-22	43.060001373291016	47.44351659915722	48.697920892108684
2018-02-23	43.45000076293945	49.427926209595405	51.636651171676625
2018-02-26	43.09000015258789	44.73988388323055	57.657651465471425
2018-02-27	42.400001525878906	40.800880187927596	56.682785454268455
2018-02-28	42.119998931884766	34.807253980130696	63.082446342146184
2018-03-01	42.790000915527344	28.660061782939977	56.06059973586109
2018-03-02	42.79999923706055	31.140932311916245	47.5117431767075
2018-03-05	43.97999954223633	45.045042391250455	57.1277629361322
2018-03-06	43.900001525878906	41.92256722578227	50.78786214192707
2018-03-07	44.0	36.12334752408694	37.53462684374893
2018-03-08	44.52000045776367	39.750692008523366	44.45928787847152
2018-03-09	45.400001525878906	56.56110940418195	44.607174585855915
2018-03-12	43.34999847412109	45.95588321229301	43.22580137063507
2018-03-13	42.88999938964844	47.52852078695901	44.13701769640193
2018-03-14	42.93000030517578	49.156932430406535	47.90341578327445
2018-03-15	42.63999938964844	44.67804926219988	42.65733780711686
2018-03-16	42.43999862670898	45.63757633230136	34.167886266787605
2018-03-19	42.20000076293945	48.57142390037323	36.36360918565696
2018-03-20	41.59000015258789	46.38472955728705	42.483633242515985
2018-03-21	41.81999969482422	42.960803290052105	50.48546781646153
2018-03-22	41.59999847412109	41.549293126078894	45.855361508765746
2018-03-23	41.58000183105469	29.797994393549686	34.14264097906485
2018-03-26	42.150001525878906	36.39191355409929	37.19247747061409
2018-03-27	43.2400016784668	44.87871887899342	36.0954918474141
2018-03-28	42.79999923706055	38.283376764036674	26.89653793496798
2018-03-29	44.20000076293945	42.36641165801889	24.929176786519974
2018-04-02	45.0	62.481099648424674	22.827488992538335
2018-04-03	44.81999969482422	65.24486371952763	25.89164232715926
2018-04-04	45.45000076293945	68.20809057367629	19.76891435287203
2018-04-05	45.400001525878906	70.65869768068701	15.941990380314323
2018-04-06	45.5	73.25229708036441	15.612857560540533
2018-04-09	45.4900016784668	75.9055252448916	18.032750149565473
2018-04-10	46.25	85.8461737096779	36.440683445417065
2018-04-11	46.0	82.0552335684171	35.03053700217619
2018-04-12	45.220001220703125	75.56501208527263	38.72769615251976
2018-04-13	44.130001068115234	65.64417149198702	43.70277271713979
2018-04-16	44.04999923706055	62.402074079828765	41.18421217741347
2018-04-17	44.90999984741211	61.23821063494427	45.100864078096826
2018-04-18	45.0	65.53673290484429	56.901403002219475
2018-04-19	44.95000076293945	56.54450749758335	54.18993133548436
2018-04-20	43.75	39.80423686729204	65.13760023051493
2018-04-23	43.97999954223633	43.20387840120885	56.62482210074094
2018-04-24	43.84000015258789	35.85235432066817	60.23738251003342
2018-04-25	42.45000076293945	29.018471721569227	61.596344790620044
2018-04-26	43.79999923706055	39.73428866679475	68.13877298066488
2018-04-27	44.130001068115234	42.09301830434015	74.00254607457268
2018-04-30	44.09999847412109	36.34052874496985	52.18067388170648
2018-05-02	44.34000015258789	39.44021047798714	60.124601521719086
2018-05-03	42.630001068115234	35.26735632074168	58.562686761303105
2018-05-04	42.54999923706055	39.845754951502414	66.43929399458243
2018-05-07	41.90999984741211	37.17027355117046	60.81256540105064
2018-05-08	42.400001525878906	34.253470917618415	60.495413163437625
2018-05-09	42.810001373291016	36.79133065675799	57.26373908991817
2018-05-10	42.77999877929688	36.880291042204774	52.65888257614173
2018-05-11	42.720001220703125	42.77701210429901	53.20512695111907
2018-05-14	42.0	37.00788820643805	62.14765897941233
2018-05-15	42.150001525878906	38.9253165120208	58.83099685226995
2018-05-16	42.5	50.37935643412477	53.99061011843469
2018-05-17	41.90999984741211	33.79076910191837	52.52404931777932
2018-05-18	41.290000915527344	26.797409249883017	41.01451022062216
2018-05-21	41.15999984741211	26.3665896572725	47.643108887085006
2018-05-22	41.400001525878906	26.366589657272414	44.760212782824524
2018-05-23	40.83000183105469	32.2834917657448	41.860469537236675
2018-05-24	41.84999847412109	44.18604061701766	25.51723684340344
2018-05-25	41.70000076293945	48.101273681480286	25.000000000000057
2018-05-29	40.400001525878906	34.22712022681213	21.387282281057324
2018-05-30	41.4900016784668	40.59828827604943	27.755650616228266
2018-06-01	41.5	40.857141611526	33.13953037065794
2018-06-04	41.09999847412109	38.96455344112885	29.555864911709847
2018-06-05	40.560001373291016	39.9441327388224	28.012493589931182
2018-06-06	41.20000076293945	43.790836636499755	38.639855666334526
2018-06-07	41.52999877929688	43.64349580732707	42.66210204392495
2018-06-08	41.400001525878906	46.443519764371516	39.001547900098814
2018-06-11	41.29999923706055	50.075175461994945	46.01138215534963
2018-06-12	41.06999969482422	49.33333107276815	45.30152454275755
2018-06-13	41.209999084472656	48.57140726480478	48.95287997327713
2018-06-14	41.81999969482422	57.39910134911675	53.84613772317041
2018-06-15	41.68000030517578	48.53701838542828	57.22626338903348
2018-06-18	41.7400016784668	50.34965874426962	62.420403058320545
2018-06-19	42.470001220703125	70.09710823383006	63.73987088322421
2018-06-20	42.59999847412109	63.2458136111239	62.646573763400106
2018-06-21	41.08000183105469	46.31579863179268	68.89820544060609
2018-06-22	41.36000061035156	52.329773852169936	63.92576406620983
2018-06-25	41.79999923706055	61.313873694263876	52.39766227983481
2018-06-26	41.400001525878906	51.9084091724779	44.88096541019173
2018-06-27	41.310001373291016	47.800020904588784	42.26458118257457
2018-06-28	41.36000061035156	49.59348584915169	44.77433694672696
2018-06-29	42.18999862670898	57.876119937074186	39.124837924311855
2018-07-02	41.29999923706055	51.82250434519762	44.14302076449267
2018-07-03	41.34999847412109	51.12539956284201	42.51267856001769
2018-07-05	41.29999923706055	45.40634387230566	45.289857409412335
2018-07-06	40.040000915527344	37.90557982414083	51.00592971471007
2018-07-10	41.20000076293945	46.57359042257065	59.64214628804318
2018-07-11	41.0	39.99996885954298	68.75000473053007
2018-07-12	40.900001525878906	38.38797429764081	71.07438942925589
2018-07-13	40.72999954223633	47.06865252776841	69.8275931367569
2018-07-16	40.900001525878906	46.0750884346833	73.7154137533421
2018-07-17	41.650001525878906	48.78445827848799	82.8889138492643
2018-07-18	40.70000076293945	44.791658979556715	86.0438369086778
2018-07-19	40.52999877929688	44.264686165381754	92.42054770308958
2018-07-20	40.63999938964844	44.75217815858014	94.11126026942512
2018-07-23	39.79999923706055	32.6055426918314	87.4366922268258
2018-07-24	40.20000076293945	41.37932890079399	86.9884782518197
2018-07-25	39.84999847412109	38.7724684259938	86.4035306031196
2018-07-26	38.79999923706055	33.72397514886242	72.63681384313892
2018-07-27	38.95000076293945	41.70473131977268	71.17399543275837
2018-07-30	37.93000030517578	24.57236016609025	61.22448605757586
2018-07-31	37.58000183105469	24.012209332660774	58.85350101806273
2018-08-01	38.25	31.468544526796705	48.41269216539808
2018-08-02	38.22999954223633	32.142876605577044	37.54450198167457
2018-08-03	37.970001220703125	29.33710390928232	39.16810461664581
2018-08-06	38.93000030517578	31.369862441028943	61.81606312416288
2018-08-07	37.72999954223633	30.33112569397143	62.032699451681715
2018-08-08	37.400001525878906	29.70170152340515	69.51219468554694
2018-08-09	37.68000030517578	31.218273374468822	65.09239281348763
2018-08-10	36.90999984741211	31.498077509202176	61.0789932581297
2018-08-13	37.58000183105469	33.787131342230836	62.73061938506663
2018-08-14	37.709999084472656	36.38676017374848	64.21611525317904
2018-08-15	37.41999816894531	40.281675308842956	65.25652206755889
2018-08-16	36.90999984741211	36.327055950320926	65.44315197075014
2018-08-17	36.41999816894531	39.105312177979755	69.04761488891445
2018-08-20	36.380001068115234	40.93653822106948	67.39543578019075
2018-08-21	36.18999862670898	33.22473242737311	62.084074337839205
2018-08-22	36.09999847412109	32.85021988275783	63.98230115382783
2018-08-23	36.400001525878906	37.44000244140627	58.70857755875584
2018-08-24	37.06999969482422	34.395965636996976	51.73782763022818
2018-08-27	36.43999862670898	38.03338532834708	57.01107212346666
2018-08-28	36.209999084472656	38.75234181989155	45.33029721622652
2018-08-29	36.4900016784668	38.75238598644453	42.88793174321824
2018-08-30	36.45000076293945	44.956156128019764	49.749994277954144
2018-08-31	36.59999847412109	37.87124833107026	51.62455122228668
2018-09-04	36.70000076293945	37.40652340803221	44.19694386046354
2018-09-05	36.65999984741211	39.8936553365603	42.454955003331484
2018-09-06	38.18999862670898	63.38909061888982	45.92592383281375
2018-09-10	38.52000045776367	72.72726522099197	43.217679660840844
2018-09-11	37.790000915527344	63.27681221160827	50.32497547187858
2018-09-12	37.72999954223633	64.86485093246381	62.00685794898183
2018-09-13	37.09000015258789	58.638747289604446	66.6415609007282
2018-09-14	37.5	59.417788757363205	70.01583522433532
2018-09-17	37.66999816894531	55.6179590670429	64.99135081637512
2018-09-18	36.84999847412109	53.707049322701856	60.12891994507677
2018-09-19	36.400001525878906	51.65219514266305	62.21821451470431
2018-09-20	36.61000061035156	51.05632927842404	67.25255180810052
2018-09-21	36.0099983215332	46.47433820481752	67.62792374574433
2018-09-24	35.47999954223633	41.54079220095973	62.06898106893549
2018-09-25	35.599998474121094	41.716844714716174	63.44413383033292
2018-09-26	37.0	52.1250019669542	77.94122596931835
2018-09-27	37.84999847412109	47.67759327904161	75.18162551545797
2018-09-28	36.29999923706055	37.00232455505584	80.50942078668982
2018-10-01	36.400001525878906	41.21365305431532	78.51039540112308
2018-10-02	37.27000045776367	47.362388632193785	60.949869932880496
2018-10-03	38.0	55.16458849952393	47.19471884869195
2018-10-04	37.68000030517578	51.03211260014682	44.96855874033435
2018-10-05	37.43000030517578	48.636375064698164	44.204019640675625
2018-10-08	38.43000030517578	58.79734177494811	46.53783922246508
2018-10-09	37.11000061035156	53.60405682466875	37.95181761149369
2018-10-10	37.0	51.99999686999199	20.955176201053135
2018-10-11	36.84000015258789	54.457583505424985	19.563250204879452
2018-10-15	36.380001068115234	54.87013925299624	19.474643158374533
2018-10-16	36.400001525878906	54.37638460164376	36.00918093410464
2018-10-17	36.400001525878906	46.124039795090575	30.33874104368165
2018-10-18	36.43000030517578	39.73989490837011	27.5585383615536
2018-10-19	36.0	47.41379934032037	22.42120643328343
2018-10-22	36.29999923706055	49.166647063348805	18.878636044042636
2018-10-23	36.27999877929688	40.388328947046844	19.53010320129313
2018-10-24	35.4900016784668	25.911702491416932	17.912458725485152
2018-10-25	36.18000030517578	36.55912581814403	23.217783024822765
2018-10-26	36.060001373291016	37.43118662432464	22.298992747282085
2018-10-29	35.79999923706055	22.080640027472327	19.51219666920278
2018-10-30	38.88999938964844	63.734567537846765	25.231610303049095
2018-10-31	39.0	65.43210894029053	37.34706820964186
2018-11-01	40.33000183105469	72.81047531142151	37.25111978639657
2018-11-05	40.56999969482422	78.19650474989078	44.24567474205866
2018-11-06	40.63999938964844	78.34224789834539	30.16759101881118
2018-11-07	40.18999862670898	73.89658750404674	34.53607778643244
2018-11-08	40.47999954223633	74.72527421343393	37.48251707211413
2018-11-09	40.38999938964844	77.96178498709801	36.23287010872678
2018-11-12	40.56999969482422	77.61966824469133	37.09676815299033
2018-11-13	41.29999923706055	79.73934404371523	46.03797161933852
2018-11-14	41.38999938964844	88.11367203960575	55.722697084462276
2018-11-16	42.52000045776367	88.75303764936415	46.953851296692505
2018-11-19	41.9900016784668	84.51686592788576	52.66748529672421
2018-11-21	41.93999862670898	86.634819880843	58.835763012740806
2018-11-23	41.63999938964844	74.59747807062433	51.53630931466192
2018-11-26	41.52000045776367	72.49999489103249	51.126760336359816
2018-11-27	42.34999847412109	69.80389458267938	57.08245101041151
2018-11-28	43.5	74.37603380798046	54.24493463279578
2018-11-29	43.709999084472656	74.95934091972012	65.31456425589056
2018-11-30	43.2599983215332	74.9593409197202	64.70092375487205
2018-12-03	42.459999084472656	64.86486176877092	66.26712490949078
2018-12-04	42.220001220703125	63.43614160878333	63.65131898847747
2018-12-06	42.95000076293945	66.16849255641323	62.419349132540745
2018-12-07	42.59000015258789	59.22747718002648	49.958375008615626
2018-12-10	41.470001220703125	50.498764741528	37.867336892010385
2018-12-11	42.09999847412109	47.20743095619633	50.49061927773899
2018-12-12	42.400001525878906	52.81207140237014	49.86450415481537
2018-12-13	42.06999969482422	50.858660098194534	52.340823903149555
2018-12-14	42.400001525878906	55.00001505801855	45.08065471292088
2018-12-17	42.0	53.04568196176106	38.638305664062514
2018-12-18	42.0	47.51774239279358	32.3709594413922
2018-12-19	41.04999923706055	32.11678872765688	24.728485596726216
2018-12-20	40.5099983215332	27.715884910968313	18.956958347806903
2018-12-21	40.400001525878906	29.093591141425435	15.50387871981107
2018-12-26	40.84000015258789	37.50000735859864	13.817656889646315
2018-12-27	40.540000915527344	37.15596276762664	16.974169845582153
2018-12-28	41.290000915527344	37.34756478732776	19.77611132999769
2019-01-02	41.90999984741211	45.014660296159235	22.442231863184546
2019-01-03	41.400001525878906	49.43639528869461	23.985875523764193
2019-01-04	41.09000015258789	41.42616492306822	28.345803769162302
2019-01-07	41.20000076293945	39.473678927012806	23.78425470715534
2019-01-08	40.29999923706055	35.885164844190626	34.795759279281796
2019-01-09	40.720001220703125	36.7924516984998	44.022760783757356
2019-01-10	40.0	35.029940803667586	43.32399426976145
2019-01-11	40.45000076293945	39.13044176113792	45.18012836251437
2019-01-14	40.09999847412109	42.72587759909003	49.20465789488588
2019-01-15	40.36000061035156	48.800019042957125	55.195534202715216
2019-01-16	40.060001373291016	47.360249826887554	64.24166081840536
2019-01-17	40.09000015258789	43.781101136816545	76.05633500123307
2019-01-18	40.45000076293945	49.261083435277705	76.90216546248018
2019-01-22	40.0	38.8601121611579	67.64330987335694
2019-01-23	40.79999923706055	40.70352625747445	71.23442368274168
2019-01-24	41.4900016784668	50.73170701450017	77.1867654399368
2019-01-28	41.900001525878906	56.47999912109534	69.99998861285177
2019-01-29	41.20000076293945	50.0	72.69020478588729
2019-01-30	41.5	59.61537638595873	69.81980433935891
2019-01-31	41.59999847412109	57.432401955288114	72.08332141241196
2019-02-01	42.59000015258789	70.92082015292047	69.85194567422297
2019-02-04	42.79999923706055	69.74787114411333	70.92867081166284
2019-02-05	42.790000915527344	73.9750637142772	78.25536758039314
2019-02-06	40.4900016784668	50.849680437977234	83.86490966399185
2019-02-07	41.959999084472656	60.77096711270965	86.49920726768602
2019-02-08	41.720001220703125	59.02548160051775	86.6666587809885
2019-02-11	42.0099983215332	58.70535182100878	86.36002270062403
2019-02-12	41.880001068115234	60.879650990034534	93.22033250750155
2019-02-13	42.18999862670898	58.52761798667892	93.61392668751185
2019-02-14	42.29999923706055	55.35006092441844	92.07272616299716
2019-02-15	42.369998931884766	53.25033490793263	86.18108257950425
2019-02-19	43.220001220703125	63.68566627330757	76.04563325913449
2019-02-20	43.290000915527344	62.517512961992736	75.80026224213853
2019-02-21	42.93999862670898	59.05406722021089	70.90680270180545
2019-02-22	43.43999862670898	56.150505793270604	75.82278557416629
2019-02-25	43.27000045776367	53.42068469220834	75.60355944662174
2019-02-26	43.47999954223633	54.87977208899536	74.65346051007168
2019-02-27	43.560001373291016	81.6495411343122	65.76433062983823
2019-02-28	43.130001068115234	65.35438195294799	57.60234711743057
2019-03-01	42.47999954223633	59.00472498456493	58.33332724345596
2019-03-06	42.2400016784668	52.75783522696086	55.49132799275572
2019-03-07	42.58000183105469	57.99087434059316	48.977381169425286
2019-03-08	42.72999954223633	56.39811326212575	35.43305352193903
2019-03-11	43.29999923706055	60.68375998708873	47.13803387589684
2019-03-12	42.459999084472656	50.82568935769606	52.17390480216163
2019-03-13	43.22999954223633	50.09309425998055	70.0427942978666
2019-03-14	43.13999938964844	48.60852001053111	65.11628496438139
2019-03-15	44.97999954223633	64.82559396745314	77.17392956903569
2019-03-18	44.4900016784668	57.6419490396063	76.00001453219062
2019-03-19	44.18999862670898	56.57141549246646	74.7191123607706
2019-03-20	43.9900016784668	53.64808506504634	69.581768352072
2019-03-21	44.38999938964844	55.67714587341769	79.00553728216534
2019-03-22	43.75	54.12233725506906	78.86027555565549
2019-03-25	42.68000030517578	51.25945207624983	66.19717269350356
2019-03-26	43.59999847412109	57.888620463348964	61.74055314953478
2019-03-27	42.790000915527344	51.15511191051524	58.749984353793735
2019-03-28	43.75	55.1515226244527	61.860469792664084
2019-03-29	44.0	53.653452324399325	56.842117943573356
2019-04-01	43.959999084472656	58.542149840416904	62.54070973169165
2019-04-02	44.20000076293945	55.87880071355713	50.729335594532316
2019-04-03	43.27999877929688	50.770922241463815	51.97472058740223
2019-04-04	43.900001525878906	43.129780810123584	52.721630243196884
2019-04-05	44.5	50.06272474772494	48.75620914867283
2019-04-08	45.13999938964844	55.7160137072138	47.34301564514653
2019-04-09	43.09999847412109	45.61574677319755	45.865851437739614
2019-04-10	42.9900016784668	42.900617818665616	48.05387853744223
2019-04-11	42.97999954223633	45.82881638162513	45.79172858968961
2019-04-12	41.58000183105469	44.24686843600563	66.4451778120804
2019-04-15	41.0099983215332	35.93920012326315	74.59459080497882
2019-04-16	41.13999938964844	40.32825154622576	80.38814038858459
2019-04-17	40.66999816894531	30.845780114250985	70.34989834499754
2019-04-18	41.29999923706055	33.966759617715184	65.80705431078957
2019-04-22	41.380001068115234	34.75180374985173	59.451794205410955
2019-04-23	41.38999938964844	32.928317590188755	65.16192624643097
2019-04-24	41.900001525878906	41.1764964136025	63.81909971583374
2019-04-25	41.720001220703125	35.230360007939524	63.30274444506232
2019-04-26	41.63999938964844	29.15453953990135	64.35744510048451
2019-04-29	41.5099983215332	21.417359068182037	70.09174177074851
2019-04-30	41.70000076293945	34.444509435417814	72.41707727425742
2019-05-02	41.310001373291016	32.426826660026876	70.21496244843617
2019-05-03	41.09000015258789	31.062180166378468	78.92978562094589
2019-05-06	41.060001373291016	42.81770139046224	66.63327212487138
2019-05-07	40.95000076293945	49.05067493342411	44.921861262987115
2019-05-08	41.09999847412109	49.37105635661321	43.735036521239344
2019-05-09	40.79999923706055	52.15948191190729	51.55854660985218
2019-05-10	41.38999938964844	51.515151515151516	40.66445709871019
2019-05-13	40.5	38.359782219284355	35.87338691500513
2019-05-14	40.720001220703125	41.60404452959778	35.49528763403734
2019-05-15	41.09999847412109	39.637267807517766	38.40498189097645
2019-05-16	40.900001525878906	39.43298614320061	35.60066090716539
2019-05-17	41.04999923706055	42.53163065553991	34.86696561147856
2019-05-20	40.84999847412109	41.79103202928009	36.86190427385465
2019-05-21	41.29999923706055	45.32707531547075	38.45748024085988
2019-05-22	41.59999847412109	53.46059336423329	34.89279161926953
2019-05-23	40.959999084472656	48.59000679365252	23.14300523667788
2019-05-24	41.47999954223633	54.11763649908898	32.011337465380905
2019-05-28	41.880001068115234	58.627103217797654	39.864870379781415
2019-05-29	42.0	58.395547616167036	36.85731116093059
2019-05-30	42.70000076293945	66.49308453006333	34.18702421367031
2019-05-31	42.7599983215332	63.097524381642486	40.337317810047956
2019-06-03	42.060001373291016	65.4762364299809	41.86725357158261
2019-06-04	43.20000076293945	70.80540843267465	40.51660842802977
2019-06-05	42.650001525878906	62.642786911770266	38.61385592066824
2019-06-06	42.09999847412109	59.25924181664474	46.94629136483357
2019-06-07	41.959999084472656	57.03245913643945	49.11660786911303
2019-06-10	43.29999923706055	66.09725226388099	44.700456913992056
2019-06-11	43.29999923706055	63.96648818562032	40.723969794268115
2019-06-12	43.619998931884766	64.06686243121726	44.55445451066104
2019-06-13	43.75	70.91455533314269	54.31519001565244
2019-06-14	43.869998931884766	69.05901650116023	44.406394235102916
2019-06-17	42.61000061035156	55.119216087015836	46.659360384127176
2019-06-18	41.90999984741211	49.416341064820706	48.893800735173464
2019-06-19	42.0	45.07041345439365	51.29869003926167
2019-06-21	42.0	44.60228242534651	56.90274900980425
2019-06-24	43.220001220703125	57.67195526915056	78.71363477041723
2019-06-25	42.880001068115234	47.633139099844584	79.81367213854712
2019-06-26	43.09000015258789	53.42677952304415	67.08685329121857
2019-06-27	42.9900016784668	57.45396642425977	66.0894709347995
2019-06-28	42.25	52.207008592068924	62.363927063897755
2019-07-01	41.59999847412109	35.5442138254205	62.940296763640674
2019-07-02	42.720001220703125	45.857159283687444	71.6129163251897
2019-07-03	44.0	52.386940513268286	70.36450625344588
2019-07-05	43.650001525878906	49.38876240592668	70.03205813991875
2019-07-08	44.33000183105469	52.631595027625984	61.01948013696317
2019-07-10	45.900001525878906	68.17679450886102	54.75040742349253
2019-07-11	45.060001373291016	67.13819743771955	57.03365742720128
2019-07-12	44.83000183105469	65.16613759728905	57.93414618407295
2019-07-15	45.7400016784668	68.26172395230881	60.6886817287973
2019-07-16	46.16999816894531	65.60845450215155	49.80492458158617
2019-07-17	46.650001525878906	69.65589362762586	43.473315297589814
2019-07-18	45.7400016784668	62.876585471824974	45.81339096144555
2019-07-19	45.369998931884766	61.268920853017896	42.8030324923658
2019-07-22	45.27999877929688	65.28757648638414	57.32057045985184
2019-07-23	46.38999938964844	73.09546599255312	61.14981930024867
2019-07-24	45.400001525878906	63.08594172005632	63.710343757274735
2019-07-25	44.959999084472656	55.106377279991435	62.89157711831352
2019-07-26	44.70000076293945	55.63909281513555	67.98337606252403
2019-07-29	44.27000045776367	49.66886664350902	68.98734550745667
2019-07-30	44.20000076293945	38.756610753104844	64.92389792870279
2019-07-31	45.0	49.60105472314786	61.23520990357491
2019-08-01	45.0099983215332	51.232852803358604	59.62315105276399
2019-08-02	45.59000015258789	48.923949070242955	56.89423434391303
2019-08-05	44.0099983215332	36.69951907605474	54.83870967741936
2019-08-06	44.59000015258789	37.46958569721436	58.060111710183
2019-08-07	45.2400016784668	46.85929913143825	65.63275451859332
2019-08-08	45.59999847412109	51.44653786266607	54.988910102791664
2019-08-09	44.83000183105469	47.392832610323424	42.90739322093173
2019-08-12	44.9900016784668	40.88542740275123	34.760713155821904
2019-08-13	44.18000030517578	41.866658528645814	32.28758316597293
2019-08-14	43.20000076293945	39.054732859595816	31.26582464906612
2019-08-15	43.29999923706055	41.116738490792905	26.422782928362338
2019-08-16	43.5	44.96731576377991	27.196667968380098
2019-08-19	43.09999847412109	43.10775468722583	29.45620449523024
2019-08-20	44.72999954223633	48.46764803815908	29.235396928342112
2019-08-21	45.18000030517578	50.918929262345074	27.234652981362117
2019-08-22	45.09999847412109	47.199991629467895	26.174516404212255
2019-08-23	44.77999877929688	55.14018881983281	26.675804190841205
2019-08-26	43.5	43.34554129818036	31.00266298818832
2019-08-27	43.0	36.06963627987172	22.974989037671918
2019-08-28	44.400001525878906	43.39208862195354	29.263938784098983
2019-08-29	44.20000076293945	46.29846869821194	37.89682464594875
2019-08-30	45.970001220703125	54.84189183229365	44.488198289019465
2019-09-03	45.54999923706055	57.04007154218334	37.71429962365302
2019-09-04	46.18999862670898	65.92116948211964	45.26317184320879
2019-09-05	46.68999862670898	67.31356706224142	35.26682072964252
2019-09-06	46.22999954223633	63.58207799513313	30.64516439150016
2019-09-09	44.9900016784668	58.67769810936097	31.337343966765715
2019-09-10	44.650001525878906	49.583343764143684	36.02486581432306
2019-09-11	44.459999084472656	46.14560538076298	41.5137689930911
2019-09-12	44.31999969482422	45.851070996374446	45.93909268353137
2019-09-13	43.2599983215332	42.504931077771985	59.83146759705238
2019-09-16	43.79999923706055	51.595739716048705	50.58478080828078
2019-09-17	43.91999816894531	55.09976570495742	40.997210304964405
2019-09-18	43.959999084472656	47.127922773831386	37.599995930989614
2019-09-19	44.40999984741211	51.327427226605444	38.09524530365952
2019-09-20	44.7400016784668	40.49460135265402	30.027559355074317
2019-09-23	44.40999984741211	41.0658423419114	37.23723121705459
2019-09-24	43.84999847412109	31.428590458786474	27.020187546268872
2019-09-25	43.5099983215332	24.10426164568588	29.87011700220316
2019-09-26	44.41999816894531	36.26707711757416	32.394362413511146
2019-09-27	44.79999923706055	48.342041211966276	25.404133442224108
2019-09-30	44.720001220703125	50.63984992293906	25.40413344222405
2019-10-01	44.54999923706055	50.82568820182448	25.23145378452159
2019-10-02	43.43999862670898	43.14641938909077	23.1422271447055
2019-10-03	43.75	54.32099512970957	21.814231548141862
2019-10-04	44.0	51.85874014508589	23.059336869333478
2019-10-07	43.970001220703125	50.47261787323399	25.634496510372074
2019-10-08	43.7599983215332	48.16849471358037	25.062012543075085
2019-10-09	44.09999847412109	47.10279627486583	25.98039169854151
2019-10-10	44.900001525878906	51.37456650505576	28.244253321238887
2019-10-11	45.119998931884766	56.21714754510155	24.870450959628926
2019-10-14	45.04999923706055	61.49424909364493	32.47586373543882
2019-10-15	45.09999847412109	66.12574872076198	38.77552609204095
2019-10-16	45.34999847412109	60.88992241967693	39.701508343372986
2019-10-17	45.40999984741211	57.721517764879685	57.03973828684192
2019-10-18	46.79999923706055	69.77182189300143	51.45985274431996
2019-10-21	45.970001220703125	61.993255978343846	54.13795779631633
2019-10-22	45.09999847412109	64.61266411413455	62.05533567039846
2019-10-23	45.0	61.42595723076751	50.18868331935813
2019-10-24	45.150001525878906	60.70764374013471	39.46589753980524
2019-10-25	44.220001220703125	51.99361905619465	39.23305527704918
2019-10-28	44.36000061035156	54.83872754020352	39.23305527704918
2019-10-29	44.54999923706055	53.71901503873658	41.142849980572265
2019-10-30	44.54999923706055	46.666642446348966	38.93559308631839
2019-10-31	44.5	43.89764592536857	43.99998982747394
2019-11-01	44.2599983215332	42.47618175688244	49.02912733725389
2019-11-04	45.20000076293945	50.814350461149495	44.73682097120208
2019-11-05	44.70000076293945	44.91394847236083	49.71750773176435
2019-11-06	45.29999923706055	49.2063448376084	43.266461394517094
2019-11-07	44.7599983215332	33.22368173387977	46.66667403806066
2019-11-08	45.0	41.1657536416773	50.404296316708425
2019-11-11	45.2599983215332	51.639342340081825	48.57142007859271
2019-11-12	44.93000030517578	49.3150715610247	50.54055335837971
2019-11-13	44.86000061035156	47.11728642240464	66.96697419119442
2019-11-14	45.84000015258789	65.94487760298748	62.81691578641957
2019-11-18	46.79999923706055	70.67796248534735	70.85715251067295
2019-11-19	45.65999984741211	58.10219604095593	59.82143566722637
2019-11-21	45.650001525878906	58.01751313874661	54.47154765713801
2019-11-22	45.5	57.18390899095763	51.30435119129232
2019-11-25	45.400001525878906	58.35779980210547	52.94119218446048
2019-11-26	44.380001068115234	44.05796796978314	46.77002494832415
2019-11-27	45.650001525878906	56.192969114855295	49.7560918877176
2019-11-29	46.29999923706055	56.4766893143916	49.7560918877176
2019-12-02	46.0	58.288790234772435	45.64704699664262
2019-12-03	46.9900016784668	62.0899370226699	37.628869020113655
2019-12-04	47.5	63.207569662151556	47.58455341523876
2019-12-05	46.61000061035156	59.29204398720557	51.122196886026124
2019-12-06	47.0	61.431629243752006	48.55644726480661
2019-12-09	47.470001220703125	59.209051139819294	53.513517693241546
2019-12-10	47.22999954223633	52.64452921552342	48.18942584527729
2019-12-11	47.4900016784668	62.620702283135785	54.733727142834574
2019-12-12	46.68999862670898	56.467639856730635	65.2732998678348
2019-12-13	47.5	61.49424682569121	64.2172769269863
2019-12-16	47.33000183105469	61.003417131940594	63.157894736842145
2019-12-17	47.38999938964844	69.27015231922316	74.57048547660187
2019-12-18	47.72999954223633	65.11626230697105	75.57758767208657
2019-12-19	47.84999847412109	62.20471400293756	83.58669028149379
2019-12-20	48.84999847412109	70.21274638604929	86.75083078067202
2019-12-23	49.0	66.18355380962761	81.60238933830784
2019-12-26	49.88999938964844	68.13352011253056	80.62501490117533
2019-12-27	49.33000183105469	71.72524195288054	81.65682142913568
2019-12-30	49.040000915527344	66.55843914570644	77.1513581522812
2020-01-02	48.2400016784668	55.932205382307195	79.24530629934492
2020-01-03	48.79999923706055	61.52716782433338	75.77321412068211
2020-01-06	48.33000183105469	55.98291318185744	65.88786212895818
2020-01-07	49.400001525878906	68.58715235315883	65.32067928809214
2020-01-08	49.900001525878906	67.19201732247146	66.82241866136171
2020-01-09	49.060001373291016	61.30720121033271	67.28110538320564
2020-01-10	50.27999877929688	66.40183140317805	68.99563100549335
2020-01-13	51.79999923706055	70.37038875583471	67.35632294785745
2020-01-14	52.93999862670898	73.11536991680765	65.61742458004832
2020-01-15	52.9900016784668	70.57656947777674	64.37056773334794
2020-01-16	53.9900016784668	72.86895159386977	64.52383460913856
2020-01-17	53.0	64.12353388741752	60.305340918080496
2020-01-21	54.880001068115234	72.50608325199127	55.09137848091305
2020-01-22	53.5	66.61698842401248	57.02703900892021
2020-01-23	53.77999877929688	71.47286078984358	46.72365167776122
2020-01-24	54.29999923706055	71.38413584355827	46.723651677761175
2020-01-27	53.59999847412109	70.12985120645224	42.931946060948306
2020-01-28	53.93999862670898	68.36567748968315	49.30230887015644
2020-01-29	54.540000915527344	68.6195701824318	51.555570625970894
2020-01-30	52.790000915527344	63.94913130797829	39.69299199582386
2020-01-31	52.369998931884766	58.3134379496187	28.571428571428584
2020-02-03	53.060001373291016	55.36627226510231	31.81817286180818
2020-02-04	52.7599983215332	49.174311798175566	33.33333333333336
2020-02-05	52.41999816894531	47.45307058885694	34.446763260555414
2020-02-06	52.58000183105469	43.1884180827401	56.90439928938964
2020-02-07	51.900001525878906	44.521928774701465	57.1646388001846
2020-02-10	51.97999954223633	32.40293138648288	60.91446386207676
2020-02-11	52.900001525878906	46.14397563305229	72.83056833470341
2020-02-12	53.0	44.86843835610934	75.4953040242072
2020-02-13	54.15999984741211	49.150490493363634	68.56060736052376
2020-02-14	52.86000061035156	45.81449721147726	70.63414410846988
2020-02-18	51.58000183105469	37.934589321745236	65.51724656320255
2020-02-19	51.869998931884766	35.902848131222285	65.78689973983239
2020-02-20	51.15999984741211	40.33214548334182	69.70010049577256
2020-02-21	52.59000015258789	51.16526040151296	74.97371628996352
2020-02-26	50.5	38.191875750666604	67.6381941336083
2020-02-27	48.060001373291016	31.89522921694642	59.238625993322316
2020-02-28	48.59999847412109	35.508339083360696	58.74769726263823
2020-03-02	51.400001525878906	46.27054078062924	52.23880657714056
2020-03-03	51.900001525878906	50.0	51.041670805878745
2020-03-04	53.66999816894531	54.87593642285095	51.19418280288032
2020-03-05	52.18999862670898	48.01564176194352	27.99443096726489
2020-03-06	51.13999938964844	45.06368968917488	22.44143015892621
2020-03-09	47.63999938964844	34.608111693241995	21.23687000739801
2020-03-10	53.5099983215332	51.2621320389529	29.043275530668836
2020-03-11	52.5	51.80533476978411	26.02040240388233
2020-03-12	48.900001525878906	44.84196163226703	18.030049498723955
2020-03-13	52.0099983215332	51.36261433700559	27.42054264003015
2020-03-16	48.72999954223633	44.15859218213018	21.699345492660726
2020-03-17	53.68000030517578	54.4289714785921	25.6837921297883
2020-03-18	52.9900016784668	57.21815854714822	23.418493043804645
2020-03-19	56.7400016784668	60.8940117301975	21.49637191102856
2020-03-20	50.52000045776367	48.92103808066226	19.977230143273715
2020-03-23	46.58000183105469	43.9846207782537	31.137723468045237
2020-03-24	46.61000061035156	41.69020770170353	35.992576379539045
2020-03-25	47.09000015258789	43.852459091774406	38.02882375547489
2020-03-26	48.970001220703125	47.43559597558809	39.59341438488007
2020-03-27	48.08000183105469	50.554159395198326	42.27390179095615
2020-03-30	49.0	43.5107916448991	40.07510390907267
2020-03-31	50.59999847412109	47.311824939233595	44.16184748683627
2020-04-01	50.09999847412109	51.86103801446365	48.446417642918135
2020-04-02	50.59999847412109	47.620654472421315	45.87217027877773
2020-04-03	49.90999984741211	52.18195376879205	52.31587237473372
2020-04-06	52.13999938964844	46.83387866372617	55.55555630547663
2020-04-07	51.79999923706055	47.5177247401565	69.03554270147511
2020-04-08	51.900001525878906	38.090548391002784	79.53218434405984
2020-04-09	50.86000061035156	51.122854200665735	80.05699951220383
2020-04-13	51.9900016784668	71.93836463004703	66.51109262121435
2020-04-14	51.15999984741211	67.32672835842232	66.19553549805195
2020-04-15	51.20000076293945	66.19385271724232	58.95692178805619
2020-04-16	49.400001525878906	51.704997162422	63.822909783591996
2020-04-17	48.290000915527344	50.818390703438396	71.0029854658838
2020-04-20	48.209999084472656	46.70558568143379	72.53058397539644
2020-04-22	49.20000076293945	43.848872402496546	61.5008159906157
2020-04-23	49.27999877929688	46.25912777139682	67.69095256914346
2020-04-24	46.38999938964844	34.232220375674686	64.30568418358183
2020-04-27	47.4900016784668	41.206408243288806	69.14986411185583
2020-04-28	47.0	28.6189920957774	64.9751238115843
2020-04-29	46.72999954223633	28.786633825189384	65.72541089710751
2020-04-30	46.400001525878906	27.422017992330552	60.48387179472279
2020-05-04	48.86000061035156	42.64706212343908	57.94392823235851
2020-05-05	49.79999923706055	41.83444502854908	63.53861476888266
2020-05-06	49.59999847412109	43.89670948101321	55.29132886440607
2020-05-07	43.470001220703125	29.51775310073046	59.69191541164823
2020-05-08	48.43999862670898	47.82213469725508	59.27367363801436
2020-05-11	47.27999877929688	47.71389247698059	51.543201609473165
2020-05-12	46.630001068115234	46.51368367394866	45.84717376399304
2020-05-13	47.20000076293945	45.503595147922496	60.927182990304914
2020-05-14	47.47999954223633	45.98930490374088	58.59729492856286
2020-05-15	46.09999847412109	49.30721209505505	57.55556535132967
2020-05-18	47.66999816894531	50.420552742759696	53.86475599974388
2020-05-19	46.5	48.86775293462351	43.298968261303024
2020-05-20	47.09000015258789	50.80357328361508	39.15928904792857
2020-05-21	47.220001220703125	51.846847048093046	42.85713625959912
2020-05-22	47.400001525878906	46.335341923044965	52.510459499739625
2020-05-26	48.68000030517578	47.23593423880656	56.429946634479634
2020-05-27	48.56999969482422	47.44670485274356	56.32184076042592
2020-05-28	48.040000915527344	65.68291758259596	59.51036775938793
2020-05-29	46.81999969482422	42.51386530164857	59.203038731521396
2020-06-01	47.65999984741211	51.80952955319702	62.673627610478086
2020-06-02	48.18000030517578	57.47347828693957	67.98108294712515
2020-06-03	47.0	49.08924967542067	67.98106249544972
2020-06-04	47.38999938964844	49.59422835279723	68.41269822047373
2020-06-05	47.93000030517578	58.92683820026681	72.01907833531243
2020-06-08	48.83000183105469	56.054297705607375	71.33549830885877
2020-06-09	48.79999923706055	63.625577797393625	82.9629603465723
2020-06-10	49.709999084472656	64.95432164408115	83.4829420700178
2020-06-12	49.95000076293945	65.38893755813969	75.00000769092333
2020-06-15	48.400001525878906	54.882809880656666	65.49414233039691
2020-06-16	49.2599983215332	52.95314566738726	60.98484957951622
2020-06-17	49.52999877929688	54.809613033875905	69.80567568746513
2020-06-18	50.4900016784668	61.76752643260835	72.21457592060393
2020-06-19	50.95000076293945	71.3989574220725	70.2064859411822
2020-06-22	49.790000915527344	60.68204610003838	68.97080819134428
2020-06-23	49.2400016784668	55.300004844663675	65.8783710856261
2020-06-24	48.63999938964844	58.70487462936311	57.35294200144846
2020-06-25	49.560001373291016	60.90452338369112	61.651134428234656
2020-06-26	48.65999984741211	53.54024687100747	59.51417410472971
2020-06-29	48.18000030517578	46.713846994105545	55.903273776820576
2020-06-30	48.400001525878906	48.0158854804302	54.792564119286006
2020-07-01	47.900001525878906	40.64117645666514	57.123484181292916
2020-07-02	48.13999938964844	40.64115304033677	70.0
2020-07-06	48.77000045776367	52.11427868901774	79.80769835381113
2020-07-07	48.4900016784668	45.28766158756662	82.18182650479403
2020-07-08	48.79999923706055	45.554206550218495	78.41409926058705
2020-07-09	49.880001068115234	46.33853255543445	78.15751243177615
2020-07-10	48.9900016784668	38.8127933418743	78.69566094747688
2020-07-13	48.36000061035156	41.312273864560225	78.8489272602977
2020-07-14	47.900001525878906	41.769044071920604	79.05983451709427
2020-07-15	48.70000076293945	50.35972045679398	95.38716834667377
2020-07-16	49.900001525878906	51.97215890207511	87.39208980289403
2020-07-17	50.540000915527344	61.24402983678473	89.59046012695268
2020-07-20	53.38999938964844	74.27773140254351	88.38385508766262
2020-07-21	52.70000076293945	69.19643693433028	89.55225060858035
2020-07-22	51.56999969482422	65.51141152896881	89.72268445283028
2020-07-23	49.77000045776367	56.086637814744684	83.16994640410073
2020-07-24	49.400001525878906	52.399091328779136	79.4411274151677
2020-07-27	50.79999923706055	58.105258931081096	77.21239946324135
2020-07-28	51.0	57.77935449582717	78.4519028800174
2020-07-29	50.5	52.28613280947801	80.45541868319756
2020-07-30	51.29999923706055	58.57460526218905	79.48208230936764
2020-07-31	52.560001373291016	64.89362536790875	66.96752754467641
2020-08-03	51.400001525878906	61.82432798158635	73.00885876888715
2020-08-04	50.630001068115234	56.53351639751996	64.69782512268745
2020-08-05	50.04999923706055	50.53002733372568	59.92366717860973
2020-08-06	51.31999969482422	52.6386970355825	56.28892043787802
2020-08-07	50.70000076293945	39.28287334565992	53.87367025448455
2020-08-10	51.90999984741211	46.9778082097424	54.57746147801734
2020-08-11	50.9900016784668	47.74495271820979	43.42856931102382
2020-08-12	49.5	48.92430089969108	45.5089791635163
2020-08-13	49.47999954223633	50.32786070227321	48.35414783582938
2020-08-14	50.25	47.62316737152272	41.50942677270765
2020-08-17	49.18999862670898	42.719224564064305	40.24942163193863
2020-08-18	50.0	48.03767745520877	30.668409862723323
2020-08-19	49.56999969482422	43.007281226302716	35.56636568014922
2020-08-20	49.790000915527344	37.77582048777599	37.77488481258249
2020-08-21	49.41999816894531	40.60720231632285	23.771776963988557
2020-08-24	50.0	46.95651949566434	29.34026248568661
2020-08-25	50.0	49.744118752950335	44.92753973730412
2020-08-26	49.29999923706055	39.02174665706361	55.40765396295555
2020-08-27	49.27999877929688	41.74418403497812	52.44094199644544
2020-08-28	49.68999862670898	35.76924243150421	49.193545161870865
2020-08-31	48.5	34.57250160127248	61.878460801353285
2020-09-01	49.18000030517578	47.796148316911584	62.903230768336726
2020-09-02	48.59999847412109	44.37340271974839	58.34971193030117
2020-09-03	48.84999847412109	40.41096248329107	53.90200032816105
2020-09-04	48.97999954223633	48.35165822284509	47.9270310894727
2020-09-08	49.20000076293945	43.07960361537622	34.861275457297836
2020-09-09	50.5	56.992473870793816	29.74026868346887
2020-09-10	48.400001525878906	41.85229574838221	30.69705912958952
2020-09-11	47.9900016784668	41.65696671600101	35.61644291149264
2020-09-14	48.0	37.49999999999998	48.35164877042706
2020-09-15	48.0	37.49999999999998	48.29999923706055
2020-09-16	47.369998931884766	37.831019981700976	50.62082642291468
2020-09-17	47.5	38.93035711066127	54.13687044118966
2020-09-18	47.09000015258789	33.830857101646544	51.207729201519534
2020-09-21	46.70000076293945	37.56906892429252	47.20908150604397
2020-09-22	46.68999862670898	31.050225659254252	47.80168713810114
2020-09-23	45.900001525878906	30.088514495852294	45.02202273021357
2020-09-24	45.9900016784668	28.39881225751178	45.34161848087049
2020-09-25	45.70000076293945	25.811214086700545	50.0
2020-09-28	44.59999847412109	19.973874801234828	65.61844473927707
2020-09-29	44.20000076293945	3.40236093703885	66.53019135566991
2020-09-30	44.11000061035156	4.842095626027955	68.756119253926
2020-10-01	44.0	5.168528152889607	66.56345859499498
2020-10-02	43.709999084472656	4.651185297376799	58.77861780361352
2020-10-05	43.5	4.453463805181798	59.550551630794544
2020-10-06	44.130001068115234	17.2065155614861	55.06240810472054
2020-10-07	43.54999923706055	13.358085207122372	58.974366894415816
2020-10-08	44.709999084472656	30.618893924756065	67.63084976056994
2020-10-09	44.34999847412109	30.76922596664417	68.005544520348
2020-10-13	44.47999954223633	32.263259280486096	68.3561601243278
2020-10-14	44.29999923706055	35.76512081104988	77.43301409663185
2020-10-15	44.400001525878906	35.87923893180515	84.7222201781664
2020-10-16	43.5099983215332	32.423767420216066	84.05797234989068
2020-10-19	43.15999984741211	36.86134359309215	82.4156379520974
2020-10-20	43.20000076293945	40.23439479056463	82.60106013712121
2020-10-21	43.130001068115234	40.392180035409325	80.53949662906477
2020-10-22	43.79999923706055	48.233211141866796	77.83987218985688
2020-10-23	44.41999816894531	55.92653116330964	77.88105512594888
2020-10-26	44.33000183105469	57.0698589667439	55.25423027461305
2020-10-27	43.47999954223633	44.66337354318124	54.639183366345975
2020-10-28	42.61000061035156	42.633240835908865	48.09687485150397
2020-10-29	42.25	27.957004684282694	46.61924316986255
2020-10-30	42.66999816894531	35.106378661501125	46.45389159509609
2020-11-03	42.310001373291016	31.516184207790047	34.551015857974974
2020-11-04	42.20000076293945	31.896550590160444	36.76472485682277
2020-11-05	43.290000915527344	41.82620244545371	44.68392852053467
2020-11-06	42.84999847412109	44.79494774640772	44.76327822914984
2020-11-09	44.77999877929688	60.22727327460688	43.79560580435231
2020-11-10	45.43999862670898	63.11475190154316	32.88672118754599
2020-11-11	44.79999923706055	59.165748933265775	37.96609877261608
2020-11-12	44.43999862670898	53.636362060041584	37.54189506005373
2020-11-13	44.63999938964844	51.31265687833843	37.541908370592324
2020-11-16	45.63999938964844	57.05057819964373	48.698890996609315
2020-11-17	47.0	67.95918740713836	44.065642639057
2020-11-18	46.52000045776367	70.77576998307504	44.402029263482
2020-11-19	46.400001525878906	72.62814806186712	41.08320777250898
2020-11-23	44.22999954223633	57.14286213330268	51.82926432140232
2020-11-24	44.150001525878906	58.64661465438458	60.714291553111245
2020-11-25	43.400001525878906	55.31915109478065	58.52188187206777
2020-11-27	44.09000015258789	53.676466721152316	64.19271680578562
2020-11-30	44.75	58.55856660840377	59.84849579516227
2020-12-01	45.470001220703125	53.4883846511075	62.76347216185757
2020-12-02	44.20000076293945	44.09524826776418	74.13557220492794
2020-12-03	44.0	46.023861193575385	74.06382453015965
2020-12-04	43.79999923706055	46.76768034845524	73.15068765168981
2020-12-07	43.63999938964844	44.92900639909624	63.89246941035283
2020-12-08	44.310001373291016	43.022047983514746	61.52799303049574
2020-12-09	45.29999923706055	40.720519698372385	69.9881712605979
2020-12-10	45.52999877929688	44.44443493029726	81.49379850090207
2020-12-11	47.04999923706055	53.15226782057235	71.62656455551377
2020-12-14	45.88999938964844	58.924731094584395	71.87276062281924
2020-12-15	45.7400016784668	58.48452686145645	71.20343322776418
2020-12-16	45.91999816894531	64.31817019280703	70.89065852275378
2020-12-17	46.18999862670898	62.52982793797789	70.763633034446
2020-12-18	45.65999984741211	55.51515314051457	71.33431068641059
2020-12-21	45.08000183105469	47.5955627177225	71.64612336602887
2020-12-22	45.38999938964844	58.32168026176865	67.7640591722788
2020-12-23	45.4900016784668	60.56740036999904	62.89993289873316
2020-12-28	45.900001525878906	64.46284422301193	57.10754946964392
2020-12-29	45.20000076293945	60.00001956257115	64.3192399977255
2020-12-30	46.5	62.989332861510945	62.79606048245007
2021-01-04	45.93999862670898	53.99999999999996	58.736058864515364
2021-01-05	45.54999923706055	50.122551941406904	50.81241213377923
2021-01-06	45.040000915527344	35.944048183694704	54.215916032186534
2021-01-07	43.900001525878906	36.04487545771081	49.52215208542269
2021-01-08	45.04999923706055	45.75643713389651	50.8771965047997
2021-01-11	44.540000915527344	41.84397962606909	46.935333332906275
2021-01-12	44.5	39.73268355177869	43.318376751895805
2021-01-13	44.59999847412109	43.205112091087194	50.69843136615705
2021-01-14	44.43999862670898	45.66393107487198	51.4563130767569
2021-01-15	44.68000030517578	45.14364349111191	52.2167361173097
2021-01-19	43.790000915527344	39.50616121109654	62.079274334803564
2021-01-20	43.86000061035156	36.855654899431535	71.55171279817102
2021-01-21	43.81999969482422	40.281675308842956	68.51144280997394
2021-01-22	44.13999938964844	30.718933878527977	69.57363395492152
2021-01-26	44.83000183105469	41.12002021485613	68.70811821682574
2021-01-27	45.65999984741211	50.82212777021934	51.72109030892625
2021-01-28	45.709999084472656	55.37719605475533	57.68517959265416
2021-01-29	45.20000076293945	61.60714711462154	50.49260628610533
2021-02-01	45.93000030517578	58.49422455915547	56.774189137824024
2021-02-02	46.61000061035156	69.3457970580476	57.516352362771315
2021-02-03	48.38999938964844	77.43301409663188	59.090917578792826
2021-02-04	48.38999938964844	77.11017220170862	55.5471235414073
2021-02-05	47.84999847412109	73.13433067581224	56.24532078848136
2021-02-08	47.52999877929688	69.12751437296599	68.81378916391917
2021-02-09	47.52000045776367	78.38662010062214	66.25259578608615
2021-02-10	47.650001525878906	78.58222085667894	66.89896016868681
2021-02-11	48.95000076293945	82.50953070494582	66.43110788561617
2021-02-12	48.400001525878906	76.2315560215878	63.299670651506844
2021-02-17	47.34999847412109	64.85847825891366	70.00000224394006
2021-02-18	46.220001220703125	53.18907570874987	77.47395959449952
2021-02-19	46.43999862670898	54.078212861975594	78.33437917045961
2021-02-22	45.459999084472656	51.380034380890876	86.29198095213685
2021-02-23	45.11000061035156	45.46460008945977	78.47731581588577
2021-02-24	44.38999938964844	37.77531586805842	76.95619562243762
2021-02-25	44.52000045776367	23.956926245899666	70.72616284018818
2021-02-26	44.0	22.38993034696	69.16099171723613
2021-03-01	43.310001373291016	21.975308060554795	71.22707584170139
2021-03-02	43.47999954223633	24.528284685104794	60.123232135319604
2021-03-03	44.18999862670898	30.751420920608282	55.88234469140238
2021-03-04	44.0099983215332	29.080424843608185	45.17088054587003
2021-03-05	44.720001220703125	23.921077598310717	47.696663721608765
2021-03-08	43.959999084472656	23.317292041679153	43.113384235061574
2021-03-09	43.7599983215332	25.970539496429083	45.11742335830098
2021-03-10	43.54999923706055	29.618303094331267	43.6602892919013
2021-03-11	43.90999984741211	31.091196890766255	45.32792559945323
2021-03-12	45.0099983215332	46.69603030695142	45.45454545454546
2021-03-15	45.470001220703125	52.60115829988126	47.66241475702088
2021-03-16	45.45000076293945	58.5209044627629	52.58044567354793
2021-03-17	46.47999954223633	63.764033204998135	53.65551706191584
2021-03-18	46.43000030517578	68.27067479397775	47.504113408928404
2021-03-19	46.45000076293945	76.25416076069365	38.744073714081544
2021-03-22	45.83000183105469	68.2737230412907	41.06078193605764
2021-03-23	45.56999969482422	61.53845663147333	40.2688482616808
2021-03-24	45.0	57.77080579857341	40.93879685331495
2021-03-25	45.20000076293945	54.09555614143012	34.57666777335854
2021-03-26	45.34000015258789	63.167944905305994	42.60119017634953
2021-03-29	45.52000045776367	66.8582540675479	27.777765476823447
2021-03-30	45.5	69.38369540075156	29.029442944605165
2021-03-31	44.22999954223633	52.693599017683745	26.41507235250164
2021-04-01	44.13999938964844	41.17648879462631	28.96790027387759
2021-04-05	44.459999084472656	39.45718222144354	40.32615826622024
2021-04-06	44.470001220703125	39.74896432621549	37.10936952847631
2021-04-07	44.54999923706055	24.804185607343328	38.091408391848844
2021-04-08	44.68999862670898	27.806112270765382	48.96421223232451
2021-04-09	44.45000076293945	25.84540706695799	51.33267834474416
2021-04-12	44.75	35.86384924954308	54.182165359411314
2021-04-13	44.45000076293945	35.49222977146381	58.00193361978727
2021-04-14	44.7400016784668	46.36873651402541	64.71861016122062
2021-04-15	44.75	43.36281194193098	77.55742158164298
2021-04-16	44.13999938964844	34.455935762816495	72.10527604967464
2021-04-19	43.66999816894531	27.710803504375804	66.44035010863197
2021-04-20	43.84999847412109	30.85844013311602	65.55024377565341
2021-04-22	43.56999969482422	40.060230927351675	66.78967075350856
2021-04-23	43.93000030517578	47.075218681197214	67.18322172062769
2021-04-26	43.65999984741211	38.70056649378378	60.86956882296649
2021-04-27	42.95000076293945	32.07544114246733	55.57810672566941
2021-04-28	42.93999862670898	30.69542785004647	50.46041583022555
2021-04-29	43.400001525878906	35.6347815300754	49.05302612960803
2021-04-30	43.20000076293945	35.95507062754706	48.27584858383304
2021-05-03	42.97999954223633	29.74830892192628	44.27711097169847
2021-05-04	42.7599983215332	30.30304108127335	38.76252489185043
2021-05-05	43.0	29.481157326226977	46.75702783066736
2021-05-06	43.31999969482422	34.285747821435706	44.66800040372859
2021-05-07	43.52999877929688	42.65061126941824	49.23857081667065
2021-05-10	43.540000915527344	48.23852440882692	52.66014067577717
2021-05-11	43.79999923706055	49.33688156756411	46.95062347970618
2021-05-12	42.650001525878906	40.08624162453244	28.003300804626463
2021-05-13	42.88999938964844	38.49557596810515	20.02934770622747
2021-05-14	42.9900016784668	42.29888242681055	24.410527192955797
2021-05-17	43.18999862670898	53.12496895594615	23.529396765105133
2021-05-18	43.119998931884766	52.30769531731432	30.677288717410434
2021-05-19	43.95000076293945	56.44027140630098	29.622274191538267
2021-05-20	43.77999877929688	56.83959654194243	31.37652916081295
2021-05-21	43.83000183105469	60.4422795561459	29.28759018072759
2021-05-24	44.290000915527344	67.74944439084803	30.70538663779527
2021-05-25	44.38999938964844	66.66666666666677	27.272722384909173
2021-05-26	44.0	58.018875563432914	20.7227218931249
2021-05-27	44.06999969482422	56.58537946947773	17.62115302422528
2021-05-28	44.119998931884766	57.00481444795103	22.660102489431765
2021-06-01	45.47999954223633	66.03054379842092	24.19234326425135
2021-06-02	45.29999923706055	81.03041483711623	30.263160253447836
2021-06-04	45.56999969482422	81.16277212966433	43.614720759372034
2021-06-07	46.09999847412109	82.87523357966244	35.10255731820959
2021-06-08	45.4900016784668	72.3735731991512	40.52925412656284
2021-06-09	45.86000061035156	75.18384531398696	28.1055840834874
2021-06-10	47.15999984741211	77.15737089080677	29.36508369012833
2021-06-11	45.66999816894531	63.07054292196485	26.634782227781784
2021-06-14	46.20000076293945	65.36965230819015	30.769225753191108
2021-06-15	46.09000015258789	62.22826101040804	31.034473686806848
2021-06-16	45.560001373291016	57.50964325466764	31.57895089076588
2021-06-17	45.4900016784668	59.97324093626085	33.83457406608039
2021-06-18	45.61000061035156	60.23937236027398	31.358883396490924
2021-06-21	45.13999938964844	56.42317779711285	18.80997532527455
2021-06-22	43.900001525878906	39.89770557058289	22.072068588965564
2021-06-23	43.470001220703125	38.66171653901367	24.37811842272596
2021-06-24	43.70000076293945	38.356163732799985	32.142857142857196
2021-06-25	42.93000030517578	30.83434428233386	36.78412412730347
2021-06-28	43.09999847412109	34.73816213393141	34.50412050669311
2021-06-29	42.41999816894531	28.869762289043436	33.13492844405562
2021-06-30	42.0	14.462802752257346	31.4065295334305
2021-07-01	41.619998931884766	17.07316468023204	30.92975885596654
2021-07-02	41.959999084472656	14.429487889286563	36.252189609858576
2021-07-06	41.959999084472656	14.70081334636626	29.95659744266085
2021-07-07	42.5099983215332	24.020395325139788	31.05494301190096
2021-07-08	41.650001525878906	21.1711363400743	29.436606097076137
2021-07-12	42.369998931884766	27.685910245207552	44.62365453567541
2021-07-13	41.79999923706055	27.3097481725966	47.31774429840947
2021-07-14	41.720001220703125	32.41932209021155	49.656125953347306
2021-07-15	41.25	32.211500841190926	46.52061019468734
2021-07-16	41.209999084472656	29.42144518587685	33.766216608978254
2021-07-19	41.25	34.21049989817894	29.428151423915352
2021-07-20	41.15999984741211	31.48854169927489	33.576620385323935
2021-07-21	41.18000030517578	36.46288827920288	37.947085401854785
2021-07-22	41.20000076293945	40.43062310120546	39.039988476541396
2021-07-23	40.970001220703125	41.93550219179716	35.98819129560977
2021-07-26	40.90999984741211	35.99999593098545	26.562470366964675
2021-07-27	40.790000915527344	34.88372551493549	33.87676715043817
2021-07-28	41.43999862670898	36.52391156037693	33.75680423701678
2021-07-29	41.04999923706055	41.428529389004694	37.03703565998921
2021-07-30	41.209999084472656	30.272102223554242	15.366972075719985
2021-08-02	41.459999084472656	43.511444824458295	20.30241549276913
2021-08-03	41.93999862670898	53.64234060694089	15.098041415626
2021-08-04	41.59999847412109	56.055338201363185	17.333341245294633
2021-08-05	41.33000183105469	51.92312394851131	18.57143311273191
2021-08-06	41.86000061035156	58.448778343467204	19.548881166015704
2021-08-09	42.130001068115234	62.79687254661196	15.485605036997967
2021-08-10	41.0	48.16325990421205	11.509008921114798
2021-08-11	41.59999847412109	53.64961953907525	14.60399428551466
2021-08-12	41.560001373291016	55.57657208746568	15.324704534825656
2021-08-13	42.09999847412109	60.31197295723102	26.36367997512359
2021-08-16	42.5	64.1322523531371	23.015918268694662
2021-08-17	43.18000030517578	64.30924695372741	19.41313132965756
2021-08-18	43.209999084472656	68.8811512936983	22.052430389119635
2021-08-19	43.16999816894531	67.50002043591171	21.443768886181957
2021-08-20	44.18999862670898	71.42859709375969	12.474858129041891
2021-08-23	43.86000061035156	65.43412491498194	14.155266850201798
2021-08-24	43.540000915527344	65.64520793212303	23.2653253468649
2021-08-25	43.380001068115234	66.83088467886668	22.800017242425085
2021-08-26	43.13999938964844	61.034480944256764	22.754507203759616
2021-08-27	43.209999084472656	59.64284862789982	25.626200131934155
2021-08-30	43.369998931884766	75.5939772188924	26.07842792597546
2021-08-31	43.72999954223633	74.259717712118	26.93800047092276
2021-09-01	43.220001220703125	67.07819899075292	34.020633963059595
2021-09-02	42.43000030517578	53.22898034871264	27.345314472544075
2021-09-03	42.09000015258789	45.940594956893904	37.50001465687091
2021-09-08	41.08000183105469	30.483275592873696	70.42078971278599
2021-09-09	42.22999954223633	42.46153755865099	70.63881626335083
2021-09-10	42.220001220703125	42.658439804960864	72.23617855652097
2021-09-13	42.45000076293945	34.68309764563034	78.91893048282714
2021-09-14	42.790000915527344	40.59753365182844	72.18787634162695
2021-09-15	41.41999816894531	34.27297167275093	60.2040732473484
2021-09-16	41.5099983215332	35.981984558192735	59.46247394750927
2021-09-17	42.11000061035156	42.67426061061214	61.93181362526731
2021-09-20	41.84000015258789	40.5255946153144	55.252096378725376
2021-09-21	42.22999954223633	42.35925248287732	55.72033363216452
2021-09-22	43.5	48.62604795945573	58.36652826369109
2021-09-23	43.84999847412109	53.836768110056546	57.34692662123547
2021-09-24	43.130001068115234	54.29976132354134	58.17804872029027
2021-09-27	43.13999938964844	56.72215158866884	57.740579179265936
2021-09-28	42.150001525878906	56.86778316438961	28.040542717479383
2021-09-29	42.40999984741211	51.30435119129232	25.00000839501145
2021-09-30	42.869998931884766	54.42175635017806	23.50994820478843
2021-10-01	42.84999847412109	52.801106156038266	23.12812582018313
2021-10-04	42.52000045776367	48.106586912847725	20.501486212237708
2021-10-05	43.150001525878906	63.53681993531128	25.985668228094255
2021-10-06	42.81999969482422	59.8793564835246	23.53896671894327
2021-10-07	43.20000076293945	58.50235160601332	29.279283020391702
2021-10-08	45.0	69.89926593418635	35.48387723538694
2021-10-11	45.290000915527344	69.51533349195486	41.99067861266048
2021-10-13	46.0	67.17035054385705	30.399993896484403
2021-10-14	45.79999923706055	63.67463223983934	32.1372981179146
2021-10-15	46.16999816894531	72.41887432588679	34.039103732996196
2021-10-18	46.45000076293945	73.4751895850637	28.13008916772347
2021-10-19	45.90999984741211	78.48482589091935	41.66667770455977
2021-10-20	46.0	77.91600196252107	46.835443649206304
2021-10-21	45.27999877929688	68.01194016233839	49.33333095974453
2021-10-22	44.560001373291016	61.569703367410995	49.40079808929947
2021-10-25	44.880001068115234	65.98915344790512	59.74233912704285
2021-10-26	44.790000915527344	61.98829267857401	54.154296498602136
2021-10-27	44.59000015258789	63.189267459054555	54.074081399965266
2021-10-28	45.0	63.35310674188146	47.476343161493496
2021-10-29	45.52000045776367	54.76190642538602	45.91999941406268
2021-11-01	46.560001373291016	60.22544174603711	48.63221690664085
2021-11-03	49.63999938964844	71.21211312842456	53.24458611501467
2021-11-04	49.68000030517578	73.04038096221865	46.24808790510343
2021-11-05	50.310001373291016	73.84793340631649	46.65653085745181
2021-11-08	50.79999923706055	74.46568488624564	63.78315971397243
2021-11-09	49.790000915527344	70.72650852784832	59.22078108662906
2021-11-10	49.36000061035156	67.3195962239991	47.123627240113244
2021-11-11	49.209999084472656	71.52246159605639	53.90898454513747
2021-11-12	49.27999877929688	77.83017488678493	56.54565601971889
2021-11-16	49.5	77.56562257171562	61.87563736264805
2021-11-17	49.2599983215332	76.20161809301865	63.560211306284266
2021-11-18	49.619998931884766	78.94129669820266	62.0020460651043
2021-11-19	53.0	84.30530654976117	63.79668058002396
2021-11-22	51.91999816894531	76.18655922252631	61.995975339823445
2021-11-23	51.0	68.3470982927499	56.08180452856763
2021-11-24	50.77000045776367	56.108111362720656	54.84210663687187
2021-11-26	50.84000015258789	56.249997430834995	51.53313306484552
2021-11-29	50.31999969482422	50.05451646330632	50.541875050032665
2021-11-30	50.290000915527344	47.07234126419288	30.410027875969348
2021-12-01	49.97999954223633	51.186008024669306	25.3205049176386
2021-12-02	50.2400016784668	55.6122461392042	26.158935657071254
2021-12-03	50.84999847412109	59.87951076295752	16.753915408365486
2021-12-06	50.09999847412109	54.56569815305845	15.245189941884803
2021-12-07	49.959999084472656	52.5842640764448	15.335469943108578
2021-12-08	49.08000183105469	49.05662188061433	15.238099659260754
2021-12-09	48.119998931884766	42.60354985064743	17.412335214465926
2021-12-10	49.09999847412109	24.806184739826605	17.71085156880514
2021-12-13	49.0	28.402362857007333	18.036817195805483
2021-12-14	48.900001525878906	32.32322972846259	19.162456422062178
2021-12-15	48.68999862670898	32.43241153379218	23.815476203216747
2021-12-16	49.13999938964844	36.50792881895139	27.60116590754049
2021-12-17	49.25	40.91680979878601	27.246799615047735
2021-12-20	49.04999923706055	39.768965367466656	29.027365799403242
2021-12-21	49.25	43.865550851831394	39.36000385742066
2021-12-22	49.880001068115234	47.15189376791911	42.268046642854294
2021-12-23	49.869998931884766	41.43357797614488	54.44685242005683
2021-12-27	49.56999969482422	44.97155266015208	41.71656800611265
2021-12-28	47.97999954223633	35.26787158784953	27.251180228655883
2021-12-29	48.27000045776367	43.3931466229398	35.88515196288242
2021-12-30	48.18999862670898	50.666662791424216	50.64456482565839